0 0.43603515625 0.37662337662337664 0.0712890625 0.06883116883116883
0 0.517578125 0.3873376623376623 0.0703125 0.06168831168831169
0 0.232421875 0.5873376623376624 0.02734375 0.025324675324675326
0 0.68505859375 0.5938311688311688 0.0224609375 0.01753246753246753
0 0.7275390625 0.5792207792207792 0.0234375 0.015584415584415584
0 0.7685546875 0.5831168831168831 0.025390625 0.01948051948051948
0 0.7861328125 0.6233766233766234 0.02734375 0.02207792207792208
0 0.80322265625 0.6009740259740259 0.0224609375 0.01753246753246753
0 0.8251953125 0.5886363636363636 0.025390625 0.02012987012987013
0 0.88037109375 0.6068181818181818 0.0263671875 0.02012987012987013
0 0.974609375 0.5883116883116883 0.033203125 0.02727272727272727
