0 0.27783203125 0.40661764705882353 0.1201171875 0.175
0 0.54638671875 0.5897058823529412 0.0400390625 0.10294117647058823
0 0.630859375 0.4485294117647059 0.0234375 0.044117647058823525
0 0.61767578125 0.5602941176470588 0.0322265625 0.061764705882352944
0 0.71533203125 0.4860294117647059 0.0263671875 0.057352941176470586
0 0.78466796875 0.7992647058823529 0.0751953125 0.1161764705882353
0 0.744140625 0.6786764705882353 0.04296875 0.0661764705882353
0 0.9755859375 0.6308823529411764 0.044921875 0.1264705882352941
0 0.84375 0.524264705882353 0.044921875 0.08088235294117647
0 0.7509765625 0.5264705882352941 0.04296875 0.07352941176470588
