0 0.2421875 0.29128738621586475 0.06640625 0.12483745123537061
0 0.31005859375 0.09362808842652796 0.0166015625 0.033810143042912875
0 0.390625 0.1163849154746424 0.013671875 0.027308192457737322
0 0.79541015625 0.3179453836150845 0.0634765625 0.13133940182054615
0 0.5126953125 0.07022106631989597 0.025390625 0.03901170351105332
0 0.66552734375 0.06501950585175553 0.0185546875 0.033810143042912875
0 0.7421875 0.1423927178153446 0.017578125 0.029908972691807544
0 0.88427734375 0.16254876462938883 0.0146484375 0.033810143042912875
0 0.38818359375 0.13654096228868662 0.0107421875 0.02080624187256177
0 0.353515625 0.13394018205461639 0.015625 0.02340702210663199
