0 0.041015625 0.29166666666666663 0.03125 0.05208333333333333
0 0.16650390625 0.28971354166666663 0.0322265625 0.05598958333333333
0 0.04638671875 0.373046875 0.0400390625 0.061197916666666664
0 0.115234375 0.44205729166666663 0.03515625 0.06901041666666666
0 0.20361328125 0.3098958333333333 0.0283203125 0.046875
0 0.20458984375 0.4375 0.0517578125 0.0859375
0 0.255859375 0.36979166666666663 0.03125 0.05208333333333333
0 0.26220703125 0.45572916666666663 0.0478515625 0.06510416666666666
0 0.30419921875 0.5065104166666666 0.0439453125 0.06770833333333333
0 0.33349609375 0.40690104166666663 0.0302734375 0.053385416666666664
0 0.3720703125 0.3997395833333333 0.046875 0.07552083333333333
0 0.4169921875 0.2981770833333333 0.03125 0.04427083333333333
0 0.439453125 0.392578125 0.052734375 0.10286458333333333
0 0.45703125 0.4895833333333333 0.05078125 0.09635416666666666
0 0.52880859375 0.431640625 0.0400390625 0.05598958333333333
0 0.55859375 0.4453125 0.0390625 0.04427083333333333
0 0.58544921875 0.4095052083333333 0.0419921875 0.061197916666666664
0 0.62109375 0.49479166666666663 0.04296875 0.057291666666666664
0 0.64208984375 0.416015625 0.0380859375 0.06380208333333333
0 0.697265625 0.43033854166666663 0.03515625 0.053385416666666664
0 0.72314453125 0.4856770833333333 0.0361328125 0.06770833333333333
0 0.76220703125 0.46875 0.0322265625 0.057291666666666664
0 0.82373046875 0.4055989583333333 0.0400390625 0.06901041666666666
0 0.8486328125 0.4114583333333333 0.029296875 0.0625
0 0.89501953125 0.390625 0.0361328125 0.057291666666666664
0 0.88916015625 0.4427083333333333 0.0361328125 0.057291666666666664
0 0.80810546875 0.5006510416666666 0.0419921875 0.06901041666666666
0 0.8876953125 0.5143229166666666 0.04296875 0.06770833333333333
0 0.927734375 0.4290364583333333 0.0234375 0.04296875
0 0.9482421875 0.5091145833333333 0.037109375 0.057291666666666664
