0 0.029296875 0.22434017595307917 0.044921875 0.09970674486803519
0 0.1474609375 0.2785923753665689 0.041015625 0.07917888563049853
0 0.0712890625 0.4633431085043988 0.05859375 0.11436950146627566
0 0.27099609375 0.44501466275659823 0.0654296875 0.15102639296187684
0 0.30615234375 0.3196480938416422 0.0439453125 0.08211143695014662
0 0.400390625 0.27346041055718473 0.048828125 0.10997067448680352
0 0.4970703125 0.501466275659824 0.0703125 0.1407624633431085
0 0.6025390625 0.22653958944281524 0.0546875 0.10117302052785923
0 0.64794921875 0.2749266862170088 0.0341796875 0.0718475073313783
0 0.7060546875 0.313049853372434 0.025390625 0.060117302052785926
0 0.75732421875 0.25219941348973607 0.0400390625 0.10263929618768329
0 0.8828125 0.2529325513196481 0.046875 0.09237536656891496
0 0.8896484375 0.4912023460410557 0.08203125 0.17888563049853373
