0 0.025390625 0.3852163461538462 0.009765625 0.03245192307692308
0 0.07080078125 0.3707932692307693 0.0244140625 0.03245192307692308
0 0.13720703125 0.3840144230769231 0.0263671875 0.030048076923076924
0 0.18798828125 0.3701923076923077 0.0302734375 0.04326923076923077
0 0.25634765625 0.36478365384615385 0.0205078125 0.030048076923076924
0 0.30712890625 0.375 0.0224609375 0.038461538461538464
0 0.26416015625 0.3341346153846154 0.0185546875 0.026442307692307696
0 0.28857421875 0.3425480769230769 0.0205078125 0.02403846153846154
0 0.33740234375 0.4074519230769231 0.0302734375 0.04567307692307693
0 0.353515625 0.32512019230769235 0.0234375 0.03485576923076923
0 0.326171875 0.33774038461538464 0.01953125 0.028846153846153848
0 0.34375 0.2728365384615385 0.021484375 0.02403846153846154
0 0.4541015625 0.15384615384615385 0.052734375 0.09134615384615385
0 0.55078125 0.25841346153846156 0.017578125 0.028846153846153848
0 0.5947265625 0.3323317307692308 0.0234375 0.03245192307692308
0 0.65966796875 0.32211538461538464 0.0224609375 0.03605769230769231
0 0.69140625 0.32211538461538464 0.029296875 0.04567307692307693
0 0.62109375 0.3786057692307693 0.037109375 0.057692307692307696
0 0.70068359375 0.3743990384615385 0.0341796875 0.04927884615384616
0 0.7587890625 0.38341346153846156 0.0390625 0.05528846153846154
0 0.76025390625 0.32091346153846156 0.0322265625 0.04326923076923077
0 0.78759765625 0.3762019230769231 0.0283203125 0.05288461538461539
0 0.880859375 0.3617788461538462 0.041015625 0.06009615384615385
0 0.87841796875 0.3082932692307693 0.0361328125 0.04447115384615385
