0 0.0673828125 0.12372634643377002 0.056640625 0.09898107714701601
0 0.1904296875 0.18340611353711792 0.05859375 0.10480349344978167
0 0.27490234375 0.19286754002911208 0.0751953125 0.15283842794759825
0 0.3974609375 0.10771470160116449 0.0546875 0.10189228529839885
0 0.427734375 0.26564774381368267 0.064453125 0.14119359534206696
0 0.541015625 0.22489082969432314 0.072265625 0.1557496360989811
0 0.48046875 0.13609898107714702 0.01953125 0.048034934497816595
0 0.52294921875 0.07933042212518196 0.0107421875 0.024745269286754003
0 0.5673828125 0.07714701601164484 0.015625 0.034934497816593885
0 0.625 0.055312954876273655 0.0234375 0.04366812227074236
0 0.7099609375 0.24017467248908297 0.08984375 0.16885007278020378
0 0.03369140625 0.6091703056768559 0.0087890625 0.042212518195050945
0 0.0810546875 0.6077147016011645 0.0234375 0.042212518195050945
