0 0.291015625 0.2380106571936057 0.060546875 0.1349911190053286
0 0.384765625 0.3747779751332149 0.03125 0.0674955595026643
0 0.4384765625 0.46714031971580816 0.017578125 0.03907637655417407
0 0.47607421875 0.5053285968028419 0.0126953125 0.03019538188277087
0 0.533203125 0.43694493783303734 0.01171875 0.03907637655417407
0 0.60302734375 0.45293072824156305 0.0126953125 0.04262877442273535
0 0.72021484375 0.44760213143872113 0.0107421875 0.035523978685612786
0 0.7529296875 0.48756660746003555 0.01171875 0.026642984014209593
0 0.80615234375 0.4920071047957371 0.0146484375 0.028419182948490232
0 0.8662109375 0.38099467140319715 0.017578125 0.047957371225577264
