0 0.796875 0.24411764705882352 0.029296875 0.06764705882352941
0 0.9365234375 0.6044117647058823 0.029296875 0.058823529411764705
0 0.994140625 0.5522058823529412 0.009765625 0.03676470588235294
0 0.7392578125 0.5985294117647059 0.029296875 0.06470588235294117
0 0.76220703125 0.5742647058823529 0.0185546875 0.033823529411764704
0 0.7763671875 0.5536764705882353 0.017578125 0.03676470588235294
0 0.76953125 0.5213235294117647 0.013671875 0.027941176470588233
0 0.705078125 0.5698529411764706 0.015625 0.051470588235294115
0 0.72216796875 0.5448529411764705 0.0126953125 0.027941176470588233
0 0.646484375 0.5838235294117647 0.03125 0.07058823529411765
0 0.60986328125 0.5367647058823529 0.0166015625 0.03823529411764706
0 0.65576171875 0.5345588235294118 0.0205078125 0.04264705882352941
0 0.58740234375 0.6514705882352941 0.0322265625 0.06764705882352941
0 0.5654296875 0.6 0.025390625 0.044117647058823525
0 0.53857421875 0.6220588235294118 0.0283203125 0.058823529411764705
0 0.52294921875 0.5669117647058823 0.0263671875 0.04852941176470588
0 0.50732421875 0.5948529411764706 0.0244140625 0.054411764705882354
0 0.53515625 0.549264705882353 0.021484375 0.04264705882352941
0 0.55712890625 0.5661764705882353 0.0185546875 0.03823529411764706
0 0.4677734375 0.5294117647058824 0.015625 0.03529411764705882
0 0.48095703125 0.6463235294117647 0.0380859375 0.07205882352941176
0 0.44287109375 0.5698529411764706 0.0224609375 0.04852941176470588
0 0.47265625 0.5544117647058824 0.021484375 0.052941176470588235
0 0.37548828125 0.525 0.0205078125 0.032352941176470584
0 0.39501953125 0.5808823529411765 0.0205078125 0.041176470588235294
0 0.4208984375 0.6544117647058824 0.029296875 0.06764705882352941
0 0.38330078125 0.6272058823529412 0.0263671875 0.057352941176470586
0 0.349609375 0.6095588235294117 0.029296875 0.06323529411764706
0 0.3310546875 0.6661764705882353 0.03125 0.07058823529411765
0 0.3134765625 0.6139705882352942 0.029296875 0.0661764705882353
0 0.2666015625 0.6272058823529412 0.02734375 0.057352941176470586
0 0.28564453125 0.513235294117647 0.0185546875 0.03823529411764706
0 0.33740234375 0.5897058823529412 0.0263671875 0.061764705882352944
0 0.18505859375 0.5323529411764706 0.0185546875 0.03823529411764706
0 0.2080078125 0.5522058823529412 0.025390625 0.045588235294117645
0 0.2578125 0.5801470588235293 0.02734375 0.057352941176470586
0 0.2177734375 0.5161764705882352 0.013671875 0.03529411764705882
0 0.1611328125 0.5286764705882353 0.015625 0.039705882352941174
0 0.13623046875 0.5536764705882353 0.0283203125 0.060294117647058824
0 0.1767578125 0.6161764705882353 0.0234375 0.06764705882352941
0 0.216796875 0.6147058823529412 0.03125 0.06470588235294117
0 0.234375 0.6794117647058824 0.03515625 0.08823529411764705
0 0.11865234375 0.6713235294117647 0.0380859375 0.060294117647058824
0 0.033203125 0.6397058823529411 0.041015625 0.08823529411764705
0 0.07666015625 0.6022058823529411 0.0341796875 0.060294117647058824
0 0.00830078125 0.5455882352941176 0.0146484375 0.03823529411764706
0 0.0927734375 0.5455882352941176 0.0234375 0.058823529411764705
0 0.10986328125 0.586764705882353 0.0224609375 0.058823529411764705
