0 0.14453125 0.7473347547974414 0.0078125 0.023454157782515993
0 0.17626953125 0.7452025586353944 0.0087890625 0.027718550106609806
0 0.21142578125 0.7377398720682302 0.0087890625 0.021321961620469083
0 0.248046875 0.7388059701492538 0.005859375 0.019189765458422173
0 0.2626953125 0.7409381663113006 0.0078125 0.023454157782515993
0 0.29150390625 0.732409381663113 0.0068359375 0.019189765458422173
0 0.3388671875 0.7398720682302772 0.0078125 0.021321961620469083
0 0.36474609375 0.7270788912579957 0.0068359375 0.021321961620469083
0 0.39404296875 0.7238805970149254 0.0068359375 0.023454157782515993
0 0.44384765625 0.7228144989339019 0.0068359375 0.021321961620469083
0 0.4345703125 0.7153518123667377 0.005859375 0.023454157782515993
0 0.48779296875 0.7110874200426439 0.0068359375 0.019189765458422173
0 0.501953125 0.7132196162046908 0.0078125 0.027718550106609806
0 0.54541015625 0.7132196162046908 0.0087890625 0.027718550106609806
0 0.54150390625 0.7046908315565031 0.0068359375 0.023454157782515993
0 0.56884765625 0.708955223880597 0.0087890625 0.027718550106609806
0 0.591796875 0.7196162046908315 0.0078125 0.023454157782515993
0 0.6025390625 0.7313432835820896 0.0078125 0.021321961620469083
0 0.63232421875 0.7078891257995735 0.0087890625 0.021321961620469083
0 0.64599609375 0.708955223880597 0.0068359375 0.023454157782515993
0 0.6689453125 0.7046908315565031 0.009765625 0.027718550106609806
0 0.71337890625 0.7110874200426439 0.0107421875 0.03624733475479744
0 0.72607421875 0.6908315565031983 0.0107421875 0.029850746268656716
0 0.74951171875 0.6833688699360341 0.0107421875 0.031982942430703626
0 0.779296875 0.6886993603411514 0.009765625 0.0255863539445629
