0 0.08642578125 0.16390614216701174 0.0107421875 0.013112491373360938
0 0.390625 0.21463077984817117 0.01953125 0.006901311249137336
0 0.78271484375 0.16563146997929606 0.0185546875 0.016563146997929608
0 0.1220703125 0.37577639751552794 0.01953125 0.01725327812284334
0 0.4453125 0.37646652864044167 0.017578125 0.01725327812284334
0 0.77978515625 0.3785369220151829 0.0107421875 0.015873015873015872
0 0.06689453125 0.650448585231194 0.0224609375 0.006211180124223603
0 0.46142578125 0.6280193236714976 0.0205078125 0.008281573498964804
0 0.74462890625 0.5838509316770186 0.0126953125 0.01518288474810214
0 0.1376953125 0.7998619737750172 0.013671875 0.01518288474810214
0 0.51123046875 0.7984817115251898 0.0146484375 0.016563146997929608
0 0.74462890625 0.8502415458937198 0.0185546875 0.004140786749482402
