0 0.1279296875 0.8078512396694215 0.072265625 0.25206611570247933
0 0.2001953125 0.26859504132231404 0.07421875 0.25068870523415976
0 0.345703125 0.4152892561983471 0.044921875 0.14738292011019283
0 0.37841796875 0.30027548209366395 0.0380859375 0.09366391184573003
0 0.41943359375 0.22245179063360881 0.0478515625 0.15289256198347106
0 0.56396484375 0.25550964187327824 0.0712890625 0.2272727272727273
0 0.642578125 0.1893939393939394 0.0546875 0.18870523415977963
0 0.6923828125 0.290633608815427 0.0859375 0.3112947658402204
0 0.8837890625 0.2534435261707989 0.08203125 0.24517906336088155
0 0.96826171875 0.34366391184573003 0.0537109375 0.25206611570247933
0 0.935546875 0.16046831955922866 0.05078125 0.11983471074380166
