0 0.24365234375 0.5172413793103448 0.0478515625 0.18037135278514588
0 0.24365234375 0.15119363395225463 0.0478515625 0.16445623342175064
0 0.33837890625 0.2917771883289125 0.0693359375 0.2652519893899204
0 0.400390625 0.11405835543766578 0.046875 0.16445623342175064
0 0.5322265625 0.24005305039787797 0.0390625 0.13527851458885942
0 0.52978515625 0.5477453580901857 0.0400390625 0.16180371352785144
0 0.634765625 0.36870026525198935 0.060546875 0.1962864721485411
0 0.67529296875 0.17241379310344826 0.0380859375 0.1326259946949602
0 0.81298828125 0.5477453580901857 0.0302734375 0.16180371352785144
0 0.8193359375 0.2042440318302387 0.01953125 0.1326259946949602
