0 0.47705078125 0.16829085457271364 0.0419921875 0.03523238380809595
0 0.26708984375 0.8860569715142429 0.0498046875 0.04947526236881559
0 0.0390625 0.7578710644677661 0.04296875 0.047976011994003
0 0.2626953125 0.6011994002998501 0.04296875 0.031484257871064465
0 0.31640625 0.6386806596701649 0.044921875 0.034482758620689655
0 0.41357421875 0.6956521739130435 0.0419921875 0.037481259370314844
0 0.5048828125 0.6585457271364318 0.044921875 0.04272863568215892
0 0.4951171875 0.8365817091454273 0.05859375 0.06596701649175413
0 0.67626953125 0.6416791604197901 0.0673828125 0.035982008995502246
0 0.8154296875 0.5712143928035982 0.03515625 0.03298350824587706
