0 0.052734375 0.744140625 0.017578125 0.03515625
0 0.12353515625 0.7467447916666666 0.0166015625 0.037760416666666664
0 0.20556640625 0.736328125 0.0185546875 0.03515625
0 0.28857421875 0.7311197916666666 0.0185546875 0.037760416666666664
0 0.3671875 0.7265625 0.017578125 0.03645833333333333
0 0.4541015625 0.75 0.01953125 0.0390625
0 0.533203125 0.7233072916666666 0.0234375 0.04296875
0 0.62646484375 0.740234375 0.0205078125 0.04036458333333333
0 0.7197265625 0.73046875 0.0234375 0.04427083333333333
0 0.82421875 0.7389322916666666 0.025390625 0.04296875
0 0.9267578125 0.7233072916666666 0.0234375 0.045572916666666664
