0 0.4697265625 0.38294117647058823 0.296875 0.4552941176470588
0 0.17529296875 0.4617647058823529 0.0478515625 0.08588235294117647
0 0.2529296875 0.11705882352941176 0.037109375 0.06
0 0.13427734375 0.1488235294117647 0.0166015625 0.04352941176470588
0 0.6962890625 0.14352941176470588 0.01953125 0.03294117647058823
0 0.6474609375 0.10294117647058823 0.013671875 0.024705882352941175
0 0.693359375 0.09941176470588234 0.01171875 0.019999999999999997
0 0.7314453125 0.10588235294117646 0.013671875 0.023529411764705882
0 0.71826171875 0.15352941176470586 0.0146484375 0.027058823529411764
0 0.76806640625 0.09352941176470587 0.0283203125 0.05294117647058823
