0 0.189453125 0.26939970717423134 0.04296875 0.08199121522693997
0 0.234375 0.2679355783308931 0.0234375 0.043923865300146414
0 0.3310546875 0.2708638360175696 0.037109375 0.09077598828696926
0 0.2802734375 0.2686676427525622 0.009765625 0.016105417276720352
0 0.392578125 0.2964860907759883 0.037109375 0.08345534407027819
0 0.42919921875 0.335285505124451 0.0283203125 0.06442166910688141
0 0.4697265625 0.3718887262079063 0.029296875 0.055636896046852125
0 0.54638671875 0.3704245973645681 0.0341796875 0.06734992679355783
0 0.59619140625 0.4838945827232797 0.0361328125 0.06588579795021962
0 0.625 0.36676427525622257 0.03125 0.0629575402635432
0 0.6884765625 0.3711566617862372 0.033203125 0.06588579795021962
0 0.69775390625 0.33162518301610544 0.0400390625 0.06588579795021962
0 0.73046875 0.21742313323572476 0.0234375 0.05124450951683748
0 0.79150390625 0.2986822840409956 0.0400390625 0.08199121522693997
0 0.88330078125 0.20644216691068815 0.0498046875 0.0849194729136164
