0 0.27587890625 0.11859443631039532 0.0439453125 0.08784773060029283
0 0.02685546875 0.7518301610541728 0.0283203125 0.05417276720351391
0 0.07568359375 0.7196193265007321 0.0322265625 0.0629575402635432
0 0.13427734375 0.7650073206442167 0.0263671875 0.048316251830161056
0 0.138671875 0.7474377745241582 0.01953125 0.0424597364568082
0 0.20263671875 0.726207906295754 0.0185546875 0.03513909224011713
0 0.529296875 0.5483162518301611 0.01171875 0.024890190336749635
0 0.5712890625 0.5571010248901903 0.013671875 0.027818448023426062
0 0.521484375 0.7298682284040996 0.021484375 0.0424597364568082
0 0.5390625 0.7108345534407028 0.021484375 0.04538799414348463
0 0.54248046875 0.7371888726207907 0.0283203125 0.0629575402635432
0 0.59423828125 0.712298682284041 0.0361328125 0.07174231332357248
0 0.70068359375 0.7057101024890191 0.0263671875 0.055636896046852125
0 0.7724609375 0.7298682284040996 0.025390625 0.05417276720351391
