0 0.0205078125 0.43424479166666663 0.04296875 0.08463541666666666
0 0.06103515625 0.4192708333333333 0.0439453125 0.08854166666666666
0 0.06005859375 0.36783854166666663 0.0419921875 0.07942708333333333
0 0.0869140625 0.3984375 0.029296875 0.046875
0 0.11865234375 0.3802083333333333 0.0341796875 0.05208333333333333
0 0.15380859375 0.38671875 0.0302734375 0.049479166666666664
0 0.197265625 0.38541666666666663 0.0390625 0.07291666666666666
0 0.3857421875 0.23111979166666666 0.07421875 0.13411458333333331
0 0.73388671875 0.4270833333333333 0.0244140625 0.03645833333333333
0 0.82421875 0.46549479166666663 0.01953125 0.03515625
0 0.8583984375 0.4505208333333333 0.01953125 0.028645833333333332
0 0.89990234375 0.42578125 0.0244140625 0.03645833333333333
0 0.86865234375 0.4446614583333333 0.0107421875 0.022135416666666664
0 0.6513671875 0.103515625 0.013671875 0.02734375
0 0.80224609375 0.14518229166666666 0.0107421875 0.01953125
