0 0.19482421875 0.28571428571428575 0.0576171875 0.07542857142857143
0 0.2685546875 0.28571428571428575 0.044921875 0.0662857142857143
0 0.4091796875 0.28 0.046875 0.07771428571428572
0 0.52294921875 0.28285714285714286 0.0419921875 0.07428571428571429
0 0.57568359375 0.24000000000000002 0.0380859375 0.05714285714285715
0 0.67822265625 0.3068571428571429 0.0419921875 0.06285714285714286
0 0.75146484375 0.30000000000000004 0.0380859375 0.056
0 0.8154296875 0.3205714285714286 0.041015625 0.06514285714285714
0 0.91845703125 0.3148571428571429 0.0439453125 0.060571428571428575
0 0.67529296875 0.156 0.0126953125 0.024
0 0.68115234375 0.11657142857142858 0.0048828125 0.01142857142857143
0 0.671875 0.09885714285714287 0.005859375 0.012571428571428572
0 0.658203125 0.09371428571428572 0.005859375 0.01142857142857143
0 0.64013671875 0.10285714285714287 0.0068359375 0.01142857142857143
0 0.6259765625 0.09542857142857143 0.005859375 0.012571428571428572
0 0.607421875 0.09257142857142858 0.0078125 0.013714285714285715
0 0.58642578125 0.13485714285714287 0.0068359375 0.013714285714285715
0 0.5791015625 0.13714285714285715 0.005859375 0.013714285714285715
0 0.59375 0.096 0.0078125 0.009142857142857144
0 0.580078125 0.10400000000000001 0.005859375 0.01142857142857143
0 0.5615234375 0.09942857142857144 0.0078125 0.013714285714285715
0 0.45068359375 0.08514285714285715 0.0068359375 0.014857142857142859
0 0.43798828125 0.08457142857142858 0.0048828125 0.013714285714285715
0 0.42333984375 0.08114285714285716 0.0068359375 0.01142857142857143
0 0.40673828125 0.07828571428571429 0.0087890625 0.010285714285714287
0 0.30322265625 0.09200000000000001 0.0068359375 0.014857142857142859
0 0.5068359375 0.08285714285714287 0.005859375 0.010285714285714287
0 0.5244140625 0.10285714285714287 0.0078125 0.009142857142857144
0 0.39111328125 0.07885714285714286 0.0087890625 0.01142857142857143
0 0.35107421875 0.09885714285714287 0.0087890625 0.017142857142857144
0 0.30908203125 0.12514285714285714 0.0087890625 0.014857142857142859
0 0.369140625 0.09028571428571429 0.009765625 0.016
0 0.60595703125 0.11771428571428573 0.0068359375 0.01142857142857143
