0 0.02197265625 0.14240506329113925 0.0322265625 0.06329113924050633
0 0.115234375 0.21281645569620253 0.025390625 0.055379746835443035
0 0.1376953125 0.2389240506329114 0.029296875 0.060126582278481014
0 0.22021484375 0.18829113924050633 0.0322265625 0.06962025316455696
0 0.267578125 0.17484177215189872 0.0390625 0.06170886075949367
0 0.29736328125 0.24050632911392406 0.0302734375 0.06645569620253164
0 0.35595703125 0.2207278481012658 0.0283203125 0.06487341772151899
0 0.40234375 0.2199367088607595 0.03125 0.06645569620253164
0 0.47705078125 0.1439873417721519 0.0322265625 0.060126582278481014
0 0.54150390625 0.18829113924050633 0.0322265625 0.06962025316455696
0 0.662109375 0.13449367088607594 0.033203125 0.07278481012658228
0 0.59228515625 0.2776898734177215 0.0341796875 0.07120253164556962
0 0.71435546875 0.20490506329113925 0.0380859375 0.07120253164556962
0 0.76708984375 0.21598101265822783 0.0400390625 0.08069620253164557
0 0.84228515625 0.30933544303797467 0.0322265625 0.06170886075949367
0 0.92919921875 0.3299050632911392 0.0341796875 0.07753164556962025
