0 0.234375 0.28038067349926793 0.0390625 0.11566617862371889
0 0.5078125 0.4136163982430454 0.05078125 0.0951683748169839
0 0.6279296875 0.3784773060029283 0.044921875 0.08638360175695461
0 0.7021484375 0.4575402635431918 0.0390625 0.0746705710102489
0 0.30029296875 0.6734992679355783 0.0732421875 0.1376281112737921
0 0.11376953125 0.7210834553440703 0.0126953125 0.016105417276720352
0 0.08837890625 0.8118594436310396 0.0146484375 0.021961932650073207
0 0.14111328125 0.7657393850658858 0.0126953125 0.020497803806734993
0 0.19873046875 0.7781844802342607 0.0146484375 0.027818448023426062
0 0.21142578125 0.83601756954612 0.0146484375 0.02635431918008785
0 0.17431640625 0.8543191800878478 0.0185546875 0.027818448023426062
0 0.140625 0.8177159590043924 0.013671875 0.021961932650073207
0 0.10546875 0.8711566617862372 0.021484375 0.032210834553440704
0 0.10595703125 0.9633967789165447 0.0087890625 0.014641288433382138
0 0.12109375 0.951683748169839 0.009765625 0.014641288433382138
0 0.14013671875 0.9428989751098097 0.0087890625 0.014641288433382138
0 0.15478515625 0.9282576866764276 0.0087890625 0.014641288433382138
0 0.1728515625 0.9231332357247438 0.009765625 0.016105417276720352
0 0.189453125 0.9062957540263543 0.009765625 0.014641288433382138
0 0.2060546875 0.9048316251830162 0.009765625 0.014641288433382138
0 0.63134765625 0.7686676427525623 0.0263671875 0.05856515373352855
0 0.89111328125 0.4912152269399707 0.0849609375 0.2240117130307467
0 0.84423828125 0.16544655929721816 0.0205078125 0.043923865300146414
0 0.76953125 0.8513909224011713 0.02734375 0.05417276720351391
