0 0.01416015625 0.4244868035190616 0.0224609375 0.051319648093841645
0 0.033203125 0.43255131964809385 0.029296875 0.06744868035190615
0 0.12060546875 0.34457478005865105 0.0126953125 0.04105571847507331
0 0.1201171875 0.43548387096774194 0.03125 0.06158357771260997
0 0.1455078125 0.4222873900293255 0.03515625 0.06744868035190615
0 0.22119140625 0.4090909090909091 0.0322265625 0.06744868035190615
0 0.25244140625 0.31744868035190615 0.0244140625 0.04252199413489736
0 0.275390625 0.4178885630498534 0.029296875 0.05571847507331378
0 0.30810546875 0.3548387096774194 0.0283203125 0.05278592375366569
0 0.3115234375 0.32991202346041054 0.025390625 0.05278592375366569
0 0.48583984375 0.16642228739002932 0.0517578125 0.1187683284457478
0 0.52490234375 0.24193548387096775 0.0087890625 0.02346041055718475
0 0.6279296875 0.16422287390029325 0.0390625 0.10557184750733138
0 0.60546875 0.28519061583577715 0.017578125 0.054252199413489736
0 0.50830078125 0.35410557184750735 0.0244140625 0.060117302052785926
0 0.537109375 0.4002932551319648 0.03515625 0.06744868035190615
0 0.5654296875 0.36436950146627567 0.03125 0.06598240469208211
0 0.548828125 0.46114369501466274 0.03515625 0.0747800586510264
0 0.59228515625 0.4318181818181818 0.0341796875 0.0718475073313783
0 0.80810546875 0.3416422287390029 0.0380859375 0.07917888563049853
0 0.80908203125 0.30425219941348974 0.0322265625 0.06304985337243402
0 0.8955078125 0.41275659824046923 0.017578125 0.051319648093841645
0 0.92919921875 0.3350439882697947 0.0322265625 0.06598240469208211
0 0.96533203125 0.31158357771260997 0.0322265625 0.05718475073313783
0 0.97021484375 0.43914956011730205 0.0361328125 0.0689149560117302
0 0.0947265625 0.43328445747800587 0.01953125 0.051319648093841645
