0 0.36767578125 0.1015625 0.0263671875 0.04427083333333333
0 0.373046875 0.16276041666666666 0.025390625 0.049479166666666664
0 0.328125 0.17708333333333331 0.02734375 0.046875
0 0.29150390625 0.24544270833333331 0.0361328125 0.06380208333333333
0 0.32763671875 0.263671875 0.0283203125 0.045572916666666664
0 0.39453125 0.23372395833333331 0.03125 0.05598958333333333
0 0.4501953125 0.177734375 0.021484375 0.04036458333333333
0 0.4951171875 0.16796875 0.02734375 0.046875
0 0.4814453125 0.22395833333333331 0.029296875 0.049479166666666664
0 0.4326171875 0.24479166666666666 0.0390625 0.06510416666666666
0 0.56494140625 0.20963541666666666 0.0263671875 0.04427083333333333
0 0.56005859375 0.1796875 0.0224609375 0.0390625
0 0.60546875 0.16145833333333331 0.0234375 0.046875
0 0.63818359375 0.16341145833333331 0.0263671875 0.05078125
0 0.6396484375 0.23372395833333331 0.029296875 0.05078125
0 0.6005859375 0.28515625 0.025390625 0.049479166666666664
0 0.67431640625 0.2981770833333333 0.0341796875 0.0625
0 0.53515625 0.3255208333333333 0.0390625 0.06770833333333333
0 0.5595703125 0.408203125 0.0390625 0.06901041666666666
0 0.6650390625 0.3899739583333333 0.037109375 0.061197916666666664
0 0.72998046875 0.3802083333333333 0.0361328125 0.06510416666666666
0 0.38818359375 0.41796875 0.0361328125 0.0625
0 0.20947265625 0.419921875 0.0439453125 0.08203125
0 0.23974609375 0.291015625 0.0419921875 0.08203125
0 0.63525390625 0.4622395833333333 0.0419921875 0.0703125
0 0.7529296875 0.44791666666666663 0.0390625 0.0703125
0 0.82958984375 0.44205729166666663 0.0419921875 0.07421875
