0 0.28173828125 0.228515625 0.0361328125 0.06901041666666666
0 0.36669921875 0.23372395833333331 0.0400390625 0.06901041666666666
0 0.29296875 0.357421875 0.046875 0.07682291666666666
0 0.294921875 0.46940104166666663 0.044921875 0.08203125
0 0.4052734375 0.466796875 0.0390625 0.061197916666666664
0 0.529296875 0.5501302083333333 0.04296875 0.07682291666666666
0 0.5986328125 0.5546875 0.041015625 0.0703125
0 0.47802734375 0.173828125 0.0380859375 0.06640625
0 0.54248046875 0.21158854166666666 0.0380859375 0.06901041666666666
0 0.60107421875 0.18033854166666666 0.0361328125 0.06380208333333333
0 0.69775390625 0.46484375 0.0361328125 0.0625
0 0.77099609375 0.44010416666666663 0.0341796875 0.05989583333333333
0 0.84423828125 0.4524739583333333 0.0380859375 0.06640625
0 0.72607421875 0.6373697916666666 0.0498046875 0.09505208333333333
0 0.68505859375 0.17838541666666666 0.0341796875 0.0625
0 0.79443359375 0.20703125 0.0341796875 0.06510416666666666
0 0.03466796875 0.2669270833333333 0.0068359375 0.013020833333333332
