0 0.08349609375 0.34233261339092874 0.0185546875 0.06695464362850972
0 0.1201171875 0.29481641468682507 0.0234375 0.0755939524838013
0 0.17626953125 0.3023758099352052 0.0263671875 0.07775377969762419
0 0.2373046875 0.3023758099352052 0.017578125 0.07775377969762419
0 0.251953125 0.3207343412526998 0.021484375 0.07127429805615551
0 0.30126953125 0.26889848812095035 0.0146484375 0.06695464362850972
0 0.33642578125 0.2818574514038877 0.0224609375 0.06263498920086394
0 0.4169921875 0.3099352051835853 0.01953125 0.07127429805615551
0 0.45166015625 0.2904967602591793 0.0283203125 0.0755939524838013
0 0.5 0.1900647948164147 0.01171875 0.08207343412526999
0 0.54638671875 0.20302375809935205 0.0166015625 0.06911447084233262
0 0.64501953125 0.22354211663066956 0.0166015625 0.07127429805615551
0 0.71826171875 0.2570194384449244 0.0263671875 0.09071274298056156
0 0.83251953125 0.31317494600431967 0.0283203125 0.07775377969762419
0 0.763671875 0.26673866090712745 0.0234375 0.09287257019438445
0 0.9111328125 0.21922246220302377 0.03125 0.08855291576673867
0 0.92138671875 0.14038876889848814 0.0322265625 0.08207343412526999
0 0.337890625 0.8941684665226782 0.017578125 0.05183585313174946
