0 0.0966796875 0.39886219974715553 0.03515625 0.05183312262958281
0 0.13671875 0.3824273072060683 0.025390625 0.039190897597977246
0 0.193359375 0.40771175726927944 0.025390625 0.039190897597977246
0 0.2109375 0.3849557522123894 0.01953125 0.034134007585335024
0 0.25048828125 0.4058154235145386 0.0244140625 0.03286978508217447
0 0.27294921875 0.4001264222503161 0.0205078125 0.034134007585335024
0 0.30859375 0.37484197218710497 0.01953125 0.034134007585335024
0 0.31591796875 0.42098609355246525 0.0224609375 0.040455120101137804
0 0.35400390625 0.38621997471555 0.0224609375 0.03666245259165613
0 0.40478515625 0.39823008849557523 0.0224609375 0.040455120101137804
0 0.41455078125 0.3767383059418458 0.0185546875 0.030341340075853353
0 0.44287109375 0.40202275600505694 0.0185546875 0.030341340075853353
0 0.484375 0.4007585335018964 0.017578125 0.030341340075853353
0 0.52197265625 0.3881163084702908 0.0185546875 0.02781289506953224
0 0.52490234375 0.42477876106194695 0.0185546875 0.03286978508217447
0 0.55078125 0.4121365360303414 0.017578125 0.03286978508217447
0 0.55419921875 0.4949431099873578 0.0205078125 0.034134007585335024
0 0.47802734375 0.4924146649810367 0.0224609375 0.03666245259165613
0 0.39990234375 0.5037926675094817 0.0224609375 0.03666245259165613
0 0.30126953125 0.4892541087231353 0.0224609375 0.03792667509481669
0 0.31396484375 0.5423514538558787 0.0185546875 0.02781289506953224
0 0.21484375 0.48609355246523395 0.025390625 0.044247787610619475
0 0.10302734375 0.5221238938053098 0.0263671875 0.04298356510745892
0 0.92626953125 0.5183312262958281 0.0224609375 0.040455120101137804
0 0.8720703125 0.4115044247787611 0.0234375 0.03666245259165613
0 0.8505859375 0.3893805309734514 0.01953125 0.03286978508217447
0 0.78515625 0.4083438685208597 0.01953125 0.030341340075853353
0 0.80810546875 0.4235145385587864 0.0224609375 0.035398230088495575
0 0.82373046875 0.506953223767383 0.0224609375 0.040455120101137804
0 0.7109375 0.38305941845764857 0.01953125 0.03286978508217447
0 0.75244140625 0.43805309734513276 0.0185546875 0.026548672566371685
0 0.712890625 0.4235145385587864 0.01953125 0.03286978508217447
0 0.75146484375 0.5082174462705437 0.0224609375 0.030341340075853353
0 0.6708984375 0.5132743362831859 0.01953125 0.030341340075853353
0 0.666015625 0.43236409608091025 0.01953125 0.03792667509481669
0 0.669921875 0.40202275600505694 0.017578125 0.02781289506953224
0 0.64453125 0.4083438685208597 0.015625 0.03286978508217447
0 0.626953125 0.3950695322376739 0.017578125 0.03160556257901391
0 0.609375 0.4178255372945639 0.015625 0.029077117572692796
0 0.5751953125 0.4001264222503161 0.01953125 0.026548672566371685
0 0.6025390625 0.5006321112515804 0.01953125 0.03286978508217447
