0 0.42431640625 0.818359375 0.0087890625 0.01953125
0 0.4404296875 0.8352864583333333 0.013671875 0.022135416666666664
0 0.48388671875 0.81640625 0.0126953125 0.0234375
0 0.46875 0.802734375 0.009765625 0.016927083333333332
0 0.55517578125 0.814453125 0.0087890625 0.01953125
0 0.55126953125 0.8138020833333333 0.0087890625 0.020833333333333332
0 0.46923828125 0.7545572916666666 0.0048828125 0.009114583333333332
0 0.3896484375 0.814453125 0.013671875 0.022135416666666664
0 0.31005859375 0.80859375 0.0107421875 0.018229166666666664
0 0.59228515625 0.7903645833333333 0.0107421875 0.018229166666666664
