0 0.03955078125 0.5456553755522827 0.0380859375 0.054491899852724596
0 0.08154296875 0.48600883652430044 0.0283203125 0.07069219440353461
0 0.20068359375 0.40427098674521356 0.0380859375 0.0898379970544919
0 0.28515625 0.39764359351988215 0.048828125 0.10014727540500737
0 0.4150390625 0.5508100147275405 0.02734375 0.05891016200294551
0 0.46875 0.5574374079528719 0.03515625 0.07511045655375552
0 0.47216796875 0.8262150220913107 0.0498046875 0.09720176730486009
0 0.57470703125 0.4366715758468336 0.0400390625 0.08394698085419734
0 0.74267578125 0.4013254786450663 0.0537109375 0.11929307805596465
0 0.87646484375 0.3681885125184094 0.0634765625 0.10898379970544919
