0 0.01806640625 0.5844155844155845 0.0380859375 0.08766233766233766
0 0.05517578125 0.5608766233766234 0.0341796875 0.06655844155844157
0 0.029296875 0.5186688311688312 0.0390625 0.06980519480519481
0 0.064453125 0.4293831168831169 0.037109375 0.07305194805194806
0 0.1435546875 0.17857142857142858 0.025390625 0.05844155844155845
0 0.11767578125 0.2288961038961039 0.0224609375 0.048701298701298704
0 0.2041015625 0.10470779220779221 0.02734375 0.05681818181818182
0 0.287109375 0.12581168831168832 0.029296875 0.053571428571428575
0 0.2802734375 0.36363636363636365 0.109375 0.2077922077922078
0 0.40283203125 0.27191558441558444 0.1064453125 0.19642857142857145
0 0.46826171875 0.37418831168831174 0.0927734375 0.21266233766233766
0 0.66259765625 0.3685064935064935 0.0244140625 0.05194805194805195
0 0.73193359375 0.5438311688311689 0.0361328125 0.08441558441558442
0 0.67529296875 0.49512987012987014 0.0322265625 0.07142857142857144
0 0.7734375 0.46915584415584416 0.02734375 0.05844155844155845
0 0.75390625 0.42451298701298706 0.02734375 0.06006493506493507
0 0.68505859375 0.41071428571428575 0.0224609375 0.048701298701298704
0 0.71337890625 0.3360389610389611 0.0263671875 0.0551948051948052
0 0.78662109375 0.40665584415584416 0.0283203125 0.053571428571428575
0 0.78466796875 0.3668831168831169 0.0205078125 0.045454545454545456
0 0.82080078125 0.33522727272727276 0.0244140625 0.04707792207792208
0 0.85791015625 0.36363636363636365 0.0244140625 0.048701298701298704
0 0.822265625 0.4772727272727273 0.037109375 0.07792207792207792
0 0.8544921875 0.45211038961038963 0.02734375 0.06980519480519481
0 0.8310546875 0.4448051948051948 0.025390625 0.06493506493506494
0 0.9013671875 0.4123376623376624 0.029296875 0.061688311688311695
0 0.9365234375 0.45211038961038963 0.025390625 0.053571428571428575
0 0.95751953125 0.5219155844155845 0.0322265625 0.06331168831168832
0 0.98291015625 0.39366883116883117 0.0205078125 0.05032467532467533
0 0.97900390625 0.338474025974026 0.0205078125 0.04383116883116883
0 0.91796875 0.35389610389610393 0.0234375 0.048701298701298704
0 0.9580078125 0.400974025974026 0.0234375 0.0551948051948052
0 0.931640625 0.762987012987013 0.091796875 0.2142857142857143
0 0.8720703125 0.6339285714285715 0.04296875 0.09253246753246754
0 0.80908203125 0.5998376623376623 0.0341796875 0.07305194805194806
0 0.86962890625 0.538961038961039 0.0322265625 0.06493506493506494
0 0.91064453125 0.4910714285714286 0.0302734375 0.06655844155844157
0 0.62158203125 0.47321428571428575 0.0244140625 0.06006493506493507
0 0.61767578125 0.3758116883116883 0.0263671875 0.05681818181818182
