0 0.06396484375 0.07692307692307693 0.0302734375 0.06227106227106227
0 0.21630859375 0.0879120879120879 0.0341796875 0.09157509157509157
0 0.501953125 0.19963369963369965 0.087890625 0.1794871794871795
0 0.7900390625 0.21062271062271062 0.029296875 0.06593406593406594
0 0.8515625 0.14285714285714285 0.03125 0.06227106227106227
0 0.9306640625 0.09157509157509157 0.033203125 0.07326007326007326
0 0.95068359375 0.445970695970696 0.0419921875 0.09340659340659341
0 0.79052734375 0.45604395604395603 0.0361328125 0.08058608058608059
0 0.48486328125 0.4926739926739927 0.1201171875 0.315018315018315
0 0.19921875 0.4478021978021978 0.0390625 0.10073260073260074
0 0.06591796875 0.4542124542124542 0.0517578125 0.11355311355311355
0 0.04736328125 0.8141025641025641 0.0185546875 0.056776556776556776
0 0.12109375 0.8113553113553114 0.02734375 0.0695970695970696
0 0.21875 0.7463369963369964 0.0234375 0.07875457875457875
0 0.517578125 0.8489010989010989 0.083984375 0.21794871794871795
0 0.87841796875 0.7976190476190477 0.0693359375 0.163003663003663
