0 0.025390625 0.5561941251596424 0.037109375 0.06002554278416348
0 0.03076171875 0.6424010217113666 0.0400390625 0.06385696040868455
0 0.404296875 0.3441890166028097 0.033203125 0.06513409961685825
0 0.44677734375 0.3116219667943806 0.0439453125 0.07407407407407408
0 0.55419921875 0.6174968071519796 0.0341796875 0.06513409961685825
0 0.615234375 0.3620689655172414 0.037109375 0.06257982120051087
0 0.73681640625 0.3365261813537676 0.0380859375 0.07790549169859515
0 0.765625 0.5925925925925927 0.044921875 0.0715197956577267
0 0.9521484375 0.6021711366538953 0.041015625 0.07279693486590039
0 0.79150390625 0.35312899106002554 0.0322265625 0.070242656449553
