0 0.05908203125 0.46104725415070247 0.0458984375 0.08684546615581099
0 0.1513671875 0.29693486590038315 0.046875 0.09067688378033206
0 0.2119140625 0.32886334610472545 0.04296875 0.07790549169859515
0 0.59228515625 0.2547892720306514 0.0341796875 0.07279693486590039
0 0.67236328125 0.3052362707535122 0.0478515625 0.07407407407407408
0 0.9306640625 0.23116219667943808 0.044921875 0.08173690932311622
0 0.95751953125 0.30076628352490425 0.0419921875 0.08812260536398468
0 0.44287109375 0.28991060025542786 0.0341796875 0.09195402298850575
0 0.5224609375 0.45210727969348663 0.04296875 0.08939974457215837
0 0.5478515625 0.36717752234993617 0.029296875 0.06768837803320563
