0 0.0234375 0.1713235294117647 0.013671875 0.033823529411764704
0 0.05224609375 0.15220588235294116 0.0166015625 0.04264705882352941
0 0.037109375 0.22573529411764706 0.025390625 0.04852941176470588
0 0.07177734375 0.24411764705882352 0.0224609375 0.03529411764705882
0 0.06201171875 0.3588235294117647 0.0224609375 0.03529411764705882
0 0.099609375 0.3338235294117647 0.01953125 0.032352941176470584
0 0.115234375 0.20955882352941177 0.0234375 0.04264705882352941
0 0.09228515625 0.2411764705882353 0.0107421875 0.020588235294117647
0 0.08447265625 0.23088235294117646 0.0087890625 0.01764705882352941
0 0.171875 0.2426470588235294 0.01953125 0.041176470588235294
0 0.212890625 0.19558823529411765 0.03125 0.10294117647058823
0 0.2314453125 0.20147058823529412 0.01953125 0.03529411764705882
0 0.2666015625 0.20588235294117646 0.0234375 0.03823529411764706
0 0.2998046875 0.14558823529411766 0.025390625 0.047058823529411764
0 0.30078125 0.2323529411764706 0.03515625 0.08823529411764705
0 0.6552734375 0.13823529411764707 0.0234375 0.06470588235294117
0 0.869140625 0.1588235294117647 0.01953125 0.047058823529411764
0 0.95458984375 0.1264705882352941 0.0224609375 0.055882352941176466
0 0.73046875 0.12058823529411765 0.013671875 0.03529411764705882
0 0.560546875 0.15588235294117647 0.0234375 0.044117647058823525
0 0.7353515625 0.20073529411764707 0.021484375 0.039705882352941174
0 0.7568359375 0.15220588235294116 0.01953125 0.039705882352941174
0 0.7919921875 0.18823529411764706 0.021484375 0.03823529411764706
0 0.34033203125 0.1463235294117647 0.0380859375 0.06323529411764706
0 0.36865234375 0.15220588235294116 0.0166015625 0.033823529411764704
0 0.33642578125 0.20441176470588235 0.0224609375 0.03823529411764706
0 0.60888671875 0.17794117647058824 0.0205078125 0.041176470588235294
0 0.66943359375 0.1889705882352941 0.0185546875 0.030882352941176472
0 0.6826171875 0.17279411764705882 0.017578125 0.045588235294117645
0 0.7666015625 0.21691176470588236 0.01171875 0.027941176470588233
0 0.36181640625 0.2301470588235294 0.0185546875 0.03676470588235294
0 0.400390625 0.1889705882352941 0.021484375 0.039705882352941174
0 0.44970703125 0.13529411764705881 0.0224609375 0.055882352941176466
0 0.45947265625 0.16911764705882354 0.0185546875 0.03529411764705882
0 0.505859375 0.2286764705882353 0.01953125 0.039705882352941174
0 0.5078125 0.17941176470588235 0.01953125 0.032352941176470584
0 0.5732421875 0.20220588235294118 0.017578125 0.03676470588235294
0 0.71142578125 0.29926470588235293 0.0244140625 0.04264705882352941
0 0.70654296875 0.14191176470588235 0.0126953125 0.027941176470588233
0 0.59228515625 0.1610294117647059 0.0166015625 0.03676470588235294
