0 0.09033203125 0.387905604719764 0.0322265625 0.061946902654867256
0 0.1708984375 0.35693215339233036 0.025390625 0.05014749262536873
0 0.234375 0.33775811209439527 0.0234375 0.05309734513274336
0 0.2724609375 0.37315634218289084 0.0234375 0.05014749262536873
0 0.341796875 0.3547197640117994 0.0234375 0.045722713864306784
0 0.41015625 0.3480825958702065 0.021484375 0.035398230088495575
0 0.4404296875 0.35766961651917406 0.021484375 0.045722713864306784
0 0.50830078125 0.35103244837758113 0.0224609375 0.038348082595870206
0 0.5615234375 0.3561946902654867 0.01953125 0.048672566371681415
0 0.58935546875 0.35766961651917406 0.0224609375 0.05752212389380531
0 0.6220703125 0.3495575221238938 0.021484375 0.05014749262536873
0 0.19677734375 0.5346607669616519 0.0283203125 0.05457227138643068
0 0.658203125 0.37315634218289084 0.0234375 0.05014749262536873
0 0.5927734375 0.5051622418879056 0.025390625 0.05457227138643068
0 0.4970703125 0.4889380530973451 0.02734375 0.06342182890855458
0 0.41015625 0.5088495575221239 0.02734375 0.05604719764011799
0 0.294921875 0.4970501474926254 0.029296875 0.05604719764011799
0 0.67578125 0.34365781710914456 0.021484375 0.035398230088495575
0 0.70068359375 0.37094395280235987 0.0224609375 0.045722713864306784
0 0.73046875 0.3702064896755162 0.0234375 0.05309734513274336
0 0.7646484375 0.3525073746312684 0.021484375 0.04424778761061947
0 0.80126953125 0.3702064896755162 0.0244140625 0.058997050147492625
0 0.86279296875 0.37168141592920356 0.0244140625 0.05014749262536873
0 0.87890625 0.5191740412979351 0.02734375 0.06784660766961652
0 0.8056640625 0.5442477876106194 0.02734375 0.05309734513274336
0 0.69140625 0.5058997050147492 0.02734375 0.05309734513274336
