0 0.88330078125 0.05501302083333333 0.0908203125 0.072265625
0 0.7734375 0.11555989583333333 0.09375 0.072265625
0 0.52783203125 0.10970052083333333 0.0849609375 0.080078125
0 0.25390625 0.09016927083333333 0.099609375 0.111328125
0 0.27734375 0.59375 0.10546875 0.1171875
0 0.45458984375 0.630859375 0.0908203125 0.08984375
0 0.7880859375 0.6142578125 0.087890625 0.080078125
0 0.955078125 0.666015625 0.087890625 0.0625
0 0.44140625 0.2630208333333333 0.099609375 0.08984375
0 0.11474609375 0.04720052083333333 0.0908203125 0.080078125
0 0.1103515625 0.09505208333333333 0.0703125 0.1015625
0 0.37109375 0.6572265625 0.08203125 0.076171875
