0 0.33349609375 0.3385049365303244 0.1162109375 0.18053596614950634
0 0.46923828125 0.5211565585331452 0.0986328125 0.1847672778561354
0 0.58203125 0.4689703808180536 0.087890625 0.17348377997179126
0 0.92138671875 0.47320169252468264 0.0166015625 0.03244005641748942
0 0.8505859375 0.8808180535966149 0.005859375 0.015514809590973202
0 0.87548828125 0.8702397743300423 0.0068359375 0.01692524682651622
0 0.9013671875 0.8942172073342736 0.005859375 0.014104372355430182
0 0.85302734375 0.9294781382228491 0.0068359375 0.01692524682651622
0 0.880859375 0.9400564174894217 0.0078125 0.015514809590973202
0 0.78515625 0.4301833568406206 0.00390625 0.00846262341325811
