0 0.21044921875 0.3689604685212299 0.0615234375 0.14055636896046853
0 0.44921875 0.23938506588579794 0.0625 0.14494875549048317
0 0.5771484375 0.36822840409956076 0.07421875 0.16251830161054173
0 0.724609375 0.17276720351390923 0.0390625 0.06734992679355783
0 0.74609375 0.09224011713030747 0.033203125 0.06442166910688141
0 0.7685546875 0.11493411420204978 0.029296875 0.0629575402635432
0 0.81640625 0.04026354319180088 0.029296875 0.0424597364568082
0 0.51123046875 0.11566617862371889 0.0341796875 0.06734992679355783
0 0.43896484375 0.08784773060029283 0.0361328125 0.0849194729136164
0 0.29736328125 0.12152269399707175 0.0341796875 0.06734992679355783
0 0.2080078125 0.16325036603221083 0.041015625 0.07174231332357248
0 0.314453125 0.050512445095168376 0.029296875 0.06588579795021962
0 0.95556640625 0.09809663250366032 0.0341796875 0.06442166910688141
0 0.32958984375 0.027086383601756955 0.0224609375 0.04538799414348463
