0 0.9267578125 0.5 0.029296875 0.0713245997088792
0 0.2138671875 0.40320232896652114 0.05859375 0.12227074235807861
0 0.3984375 0.17467248908296945 0.03515625 0.06986899563318777
0 0.5126953125 0.17394468704512372 0.03125 0.06550218340611354
0 0.5888671875 0.22125181950509462 0.0234375 0.06404657933042213
0 0.45751953125 0.4090247452692868 0.0634765625 0.18340611353711792
0 0.509765625 0.4112081513828239 0.068359375 0.13828238719068414
0 0.54833984375 0.4570596797671034 0.0361328125 0.07569141193595343
0 0.68603515625 0.46652110625909754 0.0771484375 0.16157205240174674
0 0.76904296875 0.4934497816593887 0.0517578125 0.10480349344978167
0 0.68798828125 0.28311499272197965 0.0224609375 0.053857350800582245
0 0.75927734375 0.24963609898107716 0.0283203125 0.06550218340611354
0 0.87646484375 0.2903930131004367 0.0263671875 0.053857350800582245
0 0.6982421875 0.4883551673944687 0.064453125 0.1324599708879185
