0 0.0625 0.08970588235294118 0.025390625 0.036274509803921565
0 0.1083984375 0.11372549019607843 0.02734375 0.029411764705882353
0 0.23193359375 0.16176470588235295 0.0283203125 0.0392156862745098
0 0.240234375 0.10490196078431373 0.02734375 0.0392156862745098
0 0.32666015625 0.13480392156862744 0.0380859375 0.04607843137254902
0 0.38525390625 0.15980392156862744 0.0400390625 0.047058823529411764
0 0.671875 0.044117647058823525 0.041015625 0.054901960784313725
0 0.74072265625 0.08774509803921568 0.0400390625 0.05980392156862745
0 0.75341796875 0.43676470588235294 0.0322265625 0.044117647058823525
0 0.8017578125 0.4083333333333333 0.041015625 0.05
0 0.2216796875 0.7892156862745098 0.017578125 0.021568627450980392
0 0.3466796875 0.7833333333333333 0.015625 0.023529411764705882
0 0.64013671875 0.8387254901960784 0.0439453125 0.05392156862745098
