0 0.35302734375 0.31758241758241756 0.3544921875 0.3054945054945055
0 0.72998046875 0.3974358974358974 0.3720703125 0.35824175824175825
0 0.79833984375 0.09523809523809523 0.0263671875 0.03223443223443223
0 0.125 0.16373626373626374 0.03125 0.03296703296703297
0 0.25732421875 0.09706959706959707 0.0126953125 0.012454212454212455
0 0.365234375 0.09084249084249084 0.017578125 0.016117216117216115
0 0.6630859375 0.0695970695970696 0.01953125 0.016117216117216115
0 0.1875 0.08901098901098901 0.013671875 0.013919413919413919
0 0.66650390625 0.09194139194139195 0.0126953125 0.012454212454212455
0 0.287109375 0.08241758241758242 0.015625 0.010989010989010988
0 0.15087890625 0.10805860805860806 0.0107421875 0.013919413919413919
