0 0.13916015625 0.7737099023709902 0.0810546875 0.07322175732217573
0 0.44677734375 0.6520223152022315 0.0361328125 0.026499302649930265
0 0.7451171875 0.6377266387726639 0.0546875 0.062064156206415616
1 0.435546875 0.49895397489539745 0.283203125 0.24337517433751743
0 0.81982421875 0.3598326359832636 0.0595703125 0.06276150627615062
0 0.9208984375 0.06589958158995815 0.064453125 0.062064156206415616
0 0.77294921875 0.022663877266387727 0.0302734375 0.028591352859135284
0 0.5478515625 0.045327754532775454 0.025390625 0.022315202231520222
0 0.42431640625 0.14435146443514643 0.0224609375 0.02092050209205021
0 0.3427734375 0.1297071129707113 0.02734375 0.02510460251046025
0 0.30126953125 0.12761506276150628 0.0205078125 0.019525801952580194
0 0.28173828125 0.1394700139470014 0.0185546875 0.01813110181311018
0 0.232421875 0.12377963737796373 0.0234375 0.023012552301255228
0 0.1767578125 0.12761506276150628 0.021484375 0.01813110181311018
0 0.12451171875 0.14330543933054393 0.0126953125 0.01603905160390516
0 0.10009765625 0.12238493723849372 0.0166015625 0.01882845188284519
0 0.09423828125 0.13214783821478382 0.0263671875 0.021617852161785217
0 0.04248046875 0.1300557880055788 0.0224609375 0.01882845188284519
0 0.0302734375 0.14191073919107391 0.01953125 0.014644351464435146
