0 0.6435546875 0.239251040221914 0.09375 0.17337031900138697
0 0.720703125 0.22191400832177532 0.05859375 0.15533980582524273
0 0.33935546875 0.32801664355062415 0.0693359375 0.12343966712898752
0 0.203125 0.3765603328710125 0.0625 0.15117891816920945
0 0.130859375 0.14771151178918168 0.044921875 0.10124826629680998
0 0.28515625 0.1504854368932039 0.03125 0.05131761442441054
0 0.083984375 0.39528432732316227 0.05859375 0.08876560332871013
0 0.0634765625 0.23578363384188628 0.0390625 0.06934812760055478
0 0.24755859375 0.31067961165048547 0.0654296875 0.12205270457697642
0 0.89453125 0.3432732316227462 0.068359375 0.14563106796116504
