0 0.6083984375 0.4079173838209983 0.025390625 0.055077452667814115
0 0.3984375 0.3648881239242685 0.0234375 0.0757314974182444
0 0.32763671875 0.43459552495697074 0.0205078125 0.07056798623063684
0 0.28271484375 0.3683304647160069 0.0224609375 0.08261617900172118
0 0.23095703125 0.3674698795180723 0.0302734375 0.10154905335628228
0 0.1943359375 0.37607573149741824 0.025390625 0.09466437177280551
0 0.1025390625 0.38209982788296043 0.02734375 0.0963855421686747
0 0.16357421875 0.391566265060241 0.0263671875 0.10843373493975904
0 0.39111328125 0.43287435456110157 0.0166015625 0.049913941480206545
0 0.3720703125 0.4294320137693632 0.017578125 0.05679862306368331
