0 0.96826171875 0.34585492227979275 0.0595703125 0.06476683937823835
0 0.60693359375 0.38568652849740936 0.0634765625 0.05116580310880829
0 0.53857421875 0.3798575129533679 0.0830078125 0.06800518134715026
0 0.28466796875 0.36204663212435234 0.0693359375 0.05699481865284974
0 0.16064453125 0.383419689119171 0.0166015625 0.01295336787564767
0 0.02490234375 0.4060880829015544 0.0517578125 0.05829015544041451
0 0.35693359375 0.3837435233160622 0.0107421875 0.008419689119170985
0 0.74658203125 0.3759715025906736 0.0146484375 0.012305699481865285
0 0.81982421875 0.37240932642487046 0.0107421875 0.010362694300518135
0 0.3271484375 0.3911917098445596 0.013671875 0.011658031088082901
