0 0.06103515625 0.2864406779661017 0.0087890625 0.0711864406779661
0 0.09765625 0.22372881355932203 0.01953125 0.07457627118644068
0 0.177734375 0.2576271186440678 0.01171875 0.06779661016949153
0 0.248046875 0.1983050847457627 0.015625 0.0847457627118644
0 0.30908203125 0.1711864406779661 0.0146484375 0.0711864406779661
0 0.3720703125 0.17457627118644067 0.015625 0.0847457627118644
0 0.4296875 0.2135593220338983 0.01171875 0.06779661016949153
0 0.48583984375 0.21864406779661016 0.0166015625 0.07796610169491525
0 0.546875 0.2593220338983051 0.013671875 0.06440677966101695
0 0.60595703125 0.23220338983050848 0.0146484375 0.06440677966101695
0 0.6796875 0.22203389830508474 0.01171875 0.0711864406779661
0 0.77294921875 0.1983050847457627 0.0166015625 0.07796610169491525
0 0.41455078125 0.26440677966101694 0.0107421875 0.07457627118644068
0 0.81884765625 0.3101694915254237 0.0126953125 0.07796610169491525
