0 0.9326171875 0.393371757925072 0.01953125 0.040345821325648415
0 0.88623046875 0.38400576368876077 0.0126953125 0.04178674351585014
0 0.830078125 0.4099423631123919 0.015625 0.03602305475504323
0 0.7392578125 0.3753602305475504 0.017578125 0.03602305475504323
0 0.65087890625 0.3861671469740634 0.0107421875 0.034582132564841495
0 0.61376953125 0.3674351585014409 0.0107421875 0.034582132564841495
0 0.60107421875 0.3595100864553314 0.0166015625 0.03602305475504323
0 0.55810546875 0.3811239193083573 0.0107421875 0.030259365994236308
0 0.51513671875 0.38040345821325644 0.0107421875 0.034582132564841495
0 0.48681640625 0.3753602305475504 0.0146484375 0.03314121037463977
0 0.40478515625 0.35446685878962536 0.0107421875 0.03170028818443804
0 0.376953125 0.377521613832853 0.015625 0.03170028818443804
0 0.3291015625 0.3717579250720461 0.015625 0.03170028818443804
0 0.271484375 0.37896253602305474 0.009765625 0.034582132564841495
0 0.2412109375 0.3940922190201729 0.015625 0.02737752161383285
0 0.18310546875 0.3703170028818444 0.0146484375 0.03170028818443804
0 0.15966796875 0.3753602305475504 0.0068359375 0.01296829971181556
0 0.111328125 0.3811239193083573 0.01171875 0.024495677233429394
0 0.04541015625 0.37824207492795386 0.0166015625 0.02737752161383285
0 0.70458984375 0.40201729106628237 0.0146484375 0.02881844380403458
0 0.74755859375 0.37247838616714696 0.0166015625 0.03890489913544668
