0 0.70556640625 0.45768229166666663 0.0185546875 0.029947916666666664
0 0.6484375 0.45963541666666663 0.01953125 0.033854166666666664
0 0.59716796875 0.44596354166666663 0.0205078125 0.03515625
0 0.5322265625 0.45703125 0.01953125 0.03125
0 0.4833984375 0.45963541666666663 0.017578125 0.03645833333333333
0 0.40966796875 0.42252604166666663 0.0205078125 0.03515625
0 0.3291015625 0.42057291666666663 0.01953125 0.033854166666666664
0 0.25 0.41276041666666663 0.021484375 0.03645833333333333
0 0.1591796875 0.392578125 0.025390625 0.04296875
0 0.0712890625 0.40104166666666663 0.025390625 0.033854166666666664
