0 0.45166015625 0.6359583952451708 0.0322265625 0.08915304606240712
0 0.23876953125 0.5586924219910847 0.0361328125 0.09212481426448736
0 0.0810546875 0.6493313521545319 0.041015625 0.0861812778603269
0 0.26953125 0.4739970282317979 0.03125 0.08320950965824665
0 0.37939453125 0.4138187221396731 0.0263671875 0.08766716196136701
0 0.2080078125 0.3826151560178306 0.037109375 0.06983655274888559
0 0.08203125 0.44056463595839523 0.041015625 0.0787518573551263
0 0.38916015625 0.2823179791976226 0.0322265625 0.08320950965824665
0 0.42041015625 0.20430906389301634 0.0263671875 0.06686478454680535
0 0.4091796875 0.12704309063893016 0.033203125 0.06686478454680535
0 0.27587890625 0.11589895988112926 0.0263671875 0.06537890044576522
0 0.22802734375 0.15973254086181277 0.0361328125 0.0787518573551263
0 0.08544921875 0.2904903417533432 0.0380859375 0.0787518573551263
0 0.05908203125 0.16864784546805348 0.0361328125 0.0638930163447251
0 0.1328125 0.0787518573551263 0.033203125 0.0713224368499257
0 0.30419921875 0.031203566121842496 0.0224609375 0.05052005943536404
0 0.173828125 0.02228826151560178 0.029296875 0.020802377414561663
0 0.06103515625 0.008915304606240713 0.0302734375 0.020802377414561663
0 0.9169921875 0.6471025260029717 0.033203125 0.08469539375928677
0 0.78564453125 0.587667161961367 0.0419921875 0.08469539375928677
0 0.56982421875 0.6367013372956909 0.0244140625 0.08172362555720654
0 0.89990234375 0.4353640416047548 0.0419921875 0.08023774145616641
0 0.7529296875 0.42570579494799404 0.037109375 0.06983655274888559
0 0.568359375 0.45839524517087665 0.03515625 0.07280832095096582
0 0.58642578125 0.29569093610698366 0.0322265625 0.0713224368499257
0 0.76953125 0.31946508172362553 0.03125 0.05943536404160475
0 0.75146484375 0.2867756315007429 0.0322265625 0.05943536404160475
0 0.912109375 0.2726597325408618 0.037109375 0.07578008915304606
0 0.88916015625 0.30757800891530457 0.0244140625 0.05943536404160475
0 0.9248046875 0.16864784546805348 0.025390625 0.05794947994056463
0 0.8203125 0.17607726597325407 0.029296875 0.0549777117384844
0 0.7236328125 0.10178306092124814 0.03125 0.06983655274888559
0 0.60791015625 0.11441307578008915 0.0283203125 0.05943536404160475
0 0.54541015625 0.12481426448736999 0.0205078125 0.06240713224368499
0 0.76171875 0.04829123328380386 0.029296875 0.06092124814264487
0 0.6669921875 0.02674591381872214 0.0234375 0.05646359583952451
0 0.57080078125 0.24071322436849923 0.0322265625 0.06835066864784546
