0 0.2724609375 0.8208516886930983 0.029296875 0.049926578560939794
0 0.091796875 0.6901615271659324 0.02734375 0.04698972099853157
0 0.224609375 0.4684287812041116 0.0234375 0.0381791483113069
0 0.287109375 0.4977973568281938 0.02734375 0.05580029368575624
0 0.4580078125 0.39941262848751835 0.017578125 0.04405286343612334
0 0.486328125 0.41262848751835535 0.0234375 0.0381791483113069
0 0.5732421875 0.4067547723935389 0.0234375 0.041116005873715125
0 0.59326171875 0.592511013215859 0.0185546875 0.033773861967694566
0 0.66015625 0.48017621145374445 0.0234375 0.049926578560939794
0 0.67138671875 0.42143906020558003 0.0205078125 0.032305433186490456
0 0.75341796875 0.43392070484581496 0.0263671875 0.0513950073421439
0 0.81640625 0.4515418502202643 0.0234375 0.042584434654919234
0 0.63037109375 0.4552129221732746 0.0107421875 0.023494860499265784
0 0.33935546875 0.49339207048458145 0.0087890625 0.020558002936857563
0 0.3955078125 0.4001468428781204 0.02734375 0.04552129221732746
