0 0.40673828125 0.3440207972270364 0.0732421875 0.14038128249566723
0 0.30419921875 0.26256499133448874 0.0244140625 0.053726169844020795
0 0.453125 0.1629116117850953 0.029296875 0.0658578856152513
0 0.4423828125 0.0805892547660312 0.025390625 0.053726169844020795
0 0.48046875 0.0658578856152513 0.01171875 0.04159445407279029
0 0.3740234375 0.07019064124783361 0.021484375 0.053726169844020795
0 0.2734375 0.05892547660311958 0.0234375 0.05199306759098787
0 0.28857421875 0.08232235701906412 0.0126953125 0.03292894280762565
0 0.2421875 0.08925476603119584 0.013671875 0.04332755632582322
0 0.23876953125 0.047660311958405546 0.0146484375 0.03986135181975736
0 0.19189453125 0.04592720970537261 0.0205078125 0.04679376083188908
0 0.12109375 0.04592720970537261 0.021484375 0.04332755632582322
0 0.095703125 0.049393414211438474 0.017578125 0.04679376083188908
0 0.08154296875 0.053726169844020795 0.0224609375 0.04506065857885615
0 0.00634765625 0.033795493934142114 0.0146484375 0.053726169844020795
0 0.1708984375 0.05892547660311958 0.01171875 0.031195840554592718
