0 0.025390625 0.47073170731707314 0.046875 0.11219512195121951
0 0.009765625 0.6089430894308943 0.01953125 0.11219512195121951
0 0.07763671875 0.6235772357723577 0.0576171875 0.13170731707317074
0 0.17333984375 0.6317073170731707 0.0517578125 0.10894308943089431
0 0.2177734375 0.691869918699187 0.05859375 0.13495934959349593
0 0.45361328125 0.667479674796748 0.0341796875 0.13495934959349593
0 0.59326171875 0.3227642276422764 0.0458984375 0.13170731707317074
0 0.65234375 0.36260162601626017 0.05859375 0.11707317073170731
0 0.72607421875 0.35528455284552846 0.0576171875 0.10569105691056911
0 0.8603515625 0.31382113821138213 0.056640625 0.13333333333333333
0 0.9365234375 0.3105691056910569 0.05859375 0.12682926829268293
0 0.92919921875 0.2073170731707317 0.0498046875 0.1024390243902439
0 0.43310546875 0.4886178861788618 0.0341796875 0.12845528455284552
