0 0.724609375 0.1967312348668281 0.111328125 0.16343825665859565
0 0.57373046875 0.33171912832929784 0.0302734375 0.04116222760290557
0 0.42724609375 0.30205811138014527 0.0908203125 0.15375302663438256
0 0.12890625 0.463680387409201 0.0625 0.09927360774818403
0 0.20947265625 0.4110169491525424 0.0380859375 0.05447941888619855
0 0.06396484375 0.38438256658595643 0.0439453125 0.05447941888619855
0 0.13330078125 0.31476997578692495 0.0244140625 0.0387409200968523
0 0.0244140625 0.2990314769975787 0.029296875 0.04116222760290557
0 0.2001953125 0.31053268765133174 0.0234375 0.04237288135593221
0 0.25830078125 0.2742130750605327 0.0185546875 0.027845036319612593
0 0.16259765625 0.2984261501210654 0.0205078125 0.03268765133171913
0 0.1748046875 0.238498789346247 0.01953125 0.026634382566585957
0 0.2607421875 0.2324455205811138 0.01953125 0.026634382566585957
0 0.52001953125 0.3099273607748184 0.0263671875 0.04600484261501211
0 0.517578125 0.22699757869249396 0.01953125 0.03026634382566586
0 0.603515625 0.2627118644067797 0.025390625 0.0387409200968523
0 0.58349609375 0.1398305084745763 0.0224609375 0.03753026634382567
