0 0.72607421875 0.6510416666666666 0.0634765625 0.09375
0 0.7587890625 0.869140625 0.03125 0.11328125
0 0.02294921875 0.59375 0.0361328125 0.057291666666666664
0 0.2255859375 0.4680989583333333 0.015625 0.029947916666666664
0 0.2587890625 0.41861979166666663 0.013671875 0.024739583333333332
0 0.26123046875 0.4524739583333333 0.0126953125 0.024739583333333332
0 0.3408203125 0.515625 0.0234375 0.033854166666666664
0 0.31494140625 0.46158854166666663 0.0146484375 0.024739583333333332
0 0.39111328125 0.4375 0.0126953125 0.026041666666666664
0 0.41796875 0.4765625 0.015625 0.03125
0 0.669921875 0.498046875 0.03125 0.05078125
0 0.6435546875 0.537109375 0.025390625 0.04817708333333333
0 0.724609375 0.47526041666666663 0.01953125 0.046875
0 0.7412109375 0.4368489583333333 0.017578125 0.02734375
0 0.7802734375 0.4817708333333333 0.0234375 0.04427083333333333
0 0.8037109375 0.5084635416666666 0.01953125 0.05859375
0 0.81201171875 0.421875 0.0166015625 0.028645833333333332
0 0.8291015625 0.4192708333333333 0.015625 0.03125
0 0.9697265625 0.4817708333333333 0.017578125 0.03125
0 0.9755859375 0.46158854166666663 0.015625 0.029947916666666664
