0 0.4140625 0.8873697916666666 0.01171875 0.04036458333333333
0 0.03515625 0.5846354166666666 0.005859375 0.020833333333333332
0 0.70849609375 0.49609375 0.0048828125 0.013020833333333332
0 0.69921875 0.4876302083333333 0.0078125 0.016927083333333332
0 0.6572265625 0.486328125 0.0078125 0.014322916666666666
0 0.6259765625 0.48697916666666663 0.005859375 0.015625
0 0.57275390625 0.4837239583333333 0.0068359375 0.014322916666666666
0 0.49658203125 0.482421875 0.0068359375 0.01171875
0 0.451171875 0.4765625 0.0078125 0.013020833333333332
0 0.40869140625 0.458984375 0.0068359375 0.014322916666666666
0 0.3642578125 0.46549479166666663 0.0078125 0.01171875
0 0.28662109375 0.455078125 0.0068359375 0.01171875
0 0.33544921875 0.4641927083333333 0.0068359375 0.014322916666666666
0 0.25830078125 0.44986979166666663 0.0068359375 0.014322916666666666
0 0.421875 0.484375 0.005859375 0.015625
