0 0.99169921875 0.28550512445095166 0.0146484375 0.040995607613469986
0 0.9853515625 0.2862371888726208 0.01953125 0.04538799414348463
0 0.8427734375 0.335285505124451 0.021484375 0.06734992679355783
0 0.82763671875 0.3301610541727672 0.0185546875 0.06588579795021962
0 0.58349609375 0.33382137628111275 0.0341796875 0.07613469985358712
0 0.39794921875 0.29941434846266474 0.0205078125 0.0424597364568082
0 0.3583984375 0.3396778916544656 0.02734375 0.06442166910688141
0 0.2734375 0.3177159590043924 0.03125 0.06734992679355783
0 0.208984375 0.3513909224011713 0.015625 0.07320644216691069
0 0.14013671875 0.3052708638360176 0.0185546875 0.0424597364568082
0 0.12451171875 0.31332357247437775 0.0224609375 0.07320644216691069
