0 0.9580078125 0.15255731922398588 0.044921875 0.09700176366843033
0 0.89697265625 0.1746031746031746 0.0048828125 0.014109347442680775
0 0.77490234375 0.09876543209876543 0.0361328125 0.09171075837742504
0 0.62158203125 0.1111111111111111 0.0341796875 0.08112874779541446
0 0.515625 0.09171075837742504 0.033203125 0.07054673721340388
0 0.404296875 0.1402116402116402 0.029296875 0.07231040564373897
0 0.31103515625 0.10405643738977072 0.0302734375 0.06701940035273368
0 0.2216796875 0.10317460317460317 0.025390625 0.06525573192239859
0 0.1552734375 0.1781305114638448 0.025390625 0.06349206349206349
0 0.07373046875 0.16313932980599646 0.0244140625 0.0582010582010582
0 0.01220703125 0.08818342151675485 0.0244140625 0.0564373897707231
