0 0.052734375 0.8347547974413646 0.021484375 0.06609808102345416
0 0.314453125 0.7452025586353944 0.01953125 0.06183368869936034
0 0.322265625 0.9392324093816631 0.017578125 0.06609808102345416
0 0.3779296875 0.8486140724946695 0.017578125 0.046908315565031986
0 0.26416015625 0.8742004264392323 0.0126953125 0.05543710021321961
0 0.34814453125 0.21215351812366737 0.0087890625 0.031982942430703626
0 0.3896484375 0.2046908315565032 0.0078125 0.021321961620469083
0 0.4111328125 0.20788912579957355 0.0078125 0.027718550106609806
0 0.41796875 0.291044776119403 0.009765625 0.03624733475479744
0 0.47119140625 0.3699360341151386 0.0107421875 0.027718550106609806
0 0.50830078125 0.21748400852878463 0.0107421875 0.029850746268656716
0 0.52978515625 0.2899786780383795 0.0126953125 0.038379530916844345
0 0.56591796875 0.38912579957356075 0.0126953125 0.04477611940298507
0 0.32861328125 0.4200426439232409 0.0126953125 0.038379530916844345
0 0.29443359375 0.4594882729211087 0.0146484375 0.04477611940298507
0 0.26171875 0.4445628997867804 0.0078125 0.031982942430703626
0 0.47412109375 0.664179104477612 0.0185546875 0.057569296375266525
0 0.5146484375 0.6567164179104478 0.017578125 0.05543710021321961
0 0.66650390625 0.23667377398720682 0.0087890625 0.03411513859275053
0 0.61328125 0.36140724946695096 0.009765625 0.03624733475479744
0 0.74462890625 0.39125799573560766 0.0107421875 0.03624733475479744
0 0.7744140625 0.291044776119403 0.009765625 0.031982942430703626
0 0.90966796875 0.13432835820895522 0.0126953125 0.03411513859275053
0 0.93994140625 0.12260127931769722 0.0107421875 0.04051172707889126
0 0.86181640625 0.5714285714285714 0.0146484375 0.042643923240938165
0 0.94970703125 0.835820895522388 0.0205078125 0.06396588486140725
0 0.81103515625 0.7366737739872068 0.0146484375 0.057569296375266525
0 0.65478515625 0.7665245202558635 0.0185546875 0.06183368869936034
0 0.71142578125 0.47761194029850745 0.0107421875 0.042643923240938165
0 0.95703125 0.4189765458422175 0.0078125 0.027718550106609806
0 0.9912109375 0.7409381663113006 0.015625 0.053304904051172705
0 0.033203125 0.3720682302771855 0.013671875 0.04477611940298507
0 0.06103515625 0.3315565031982942 0.0126953125 0.03624733475479744
0 0.0849609375 0.29850746268656714 0.015625 0.03411513859275053
0 0.197265625 0.20362473347547974 0.0078125 0.031982942430703626
0 0.16845703125 0.3976545842217484 0.0126953125 0.03624733475479744
0 0.10302734375 0.5415778251599147 0.0126953125 0.046908315565031986
0 0.0517578125 0.664179104477612 0.013671875 0.04051172707889126
0 0.6005859375 0.7793176972281449 0.009765625 0.04477611940298507
0 0.78759765625 0.3816631130063966 0.0107421875 0.03411513859275053
0 0.3154296875 0.20042643923240938 0.005859375 0.029850746268656716
0 0.53857421875 0.2420042643923241 0.0068359375 0.027718550106609806
0 0.84326171875 0.21535181236673773 0.0087890625 0.029850746268656716
0 0.82177734375 0.46588486140724944 0.0126953125 0.03624733475479744
0 0.83740234375 0.44562899786780386 0.0087890625 0.03411513859275053
0 0.71630859375 0.2601279317697228 0.0146484375 0.029850746268656716
0 0.63818359375 0.25692963752665243 0.0126953125 0.027718550106609806
0 0.638671875 0.30063965884861404 0.01171875 0.03411513859275053
0 0.29638671875 0.8017057569296375 0.0205078125 0.038379530916844345
