0 0.4375 0.16198501872659177 0.11328125 0.15168539325842698
0 0.9384765625 0.41385767790262173 0.08984375 0.06741573033707865
0 0.892578125 0.2743445692883895 0.060546875 0.0655430711610487
0 0.98583984375 0.2808988764044944 0.0263671875 0.031835205992509365
0 0.830078125 0.33941947565543074 0.01953125 0.023408239700374533
0 0.80322265625 0.2982209737827715 0.0263671875 0.02902621722846442
0 0.8671875 0.31086142322097376 0.0234375 0.03558052434456929
0 0.75048828125 0.31273408239700373 0.0224609375 0.026217228464419477
0 0.70654296875 0.37265917602996257 0.0185546875 0.02247191011235955
0 0.69140625 0.324438202247191 0.021484375 0.027153558052434457
0 0.6748046875 0.30290262172284643 0.021484375 0.023408239700374533
0 0.72705078125 0.31835205992509363 0.0166015625 0.02059925093632959
0 0.70703125 0.31647940074906367 0.017578125 0.02247191011235955
0 0.822265625 0.29213483146067415 0.017578125 0.02247191011235955
