0 0.26953125 0.03511705685618729 0.037109375 0.031438127090301
0 0.23974609375 0.08394648829431438 0.0498046875 0.044816053511705686
0 0.1650390625 0.16120401337792642 0.07421875 0.07090301003344482
0 0.50439453125 0.09163879598662207 0.1142578125 0.10301003344481605
0 0.70166015625 0.08494983277591973 0.1064453125 0.09765886287625418
0 0.50927734375 0.3785953177257525 0.0908203125 0.07357859531772575
0 0.62109375 0.3906354515050167 0.060546875 0.06555183946488294
0 0.2509765625 0.5026755852842809 0.0390625 0.07157190635451505
0 0.400390625 0.7541806020066889 0.044921875 0.040802675585284276
0 0.16259765625 0.8076923076923076 0.0283203125 0.027424749163879596
0 0.1875 0.7976588628762541 0.01953125 0.01939799331103679
0 0.2451171875 0.7809364548494983 0.025390625 0.023411371237458192
0 0.66748046875 0.7933110367892976 0.0283203125 0.034782608695652174
0 0.828125 0.7719063545150501 0.033203125 0.04147157190635451
0 0.91650390625 0.7963210702341137 0.0556640625 0.03946488294314381
0 0.8544921875 0.18561872909698995 0.083984375 0.07959866220735785
0 0.97314453125 0.12876254180602006 0.0498046875 0.07424749163879599
0 0.29931640625 0.6033444816053511 0.0673828125 0.05217391304347826
0 0.41796875 0.5775919732441471 0.060546875 0.055518394648829426
0 0.73681640625 0.7963210702341137 0.0302734375 0.03678929765886287
0 0.7119140625 0.8267558528428093 0.03515625 0.032107023411371234
0 0.0546875 0.8040133779264214 0.029296875 0.02809364548494983
0 0.11669921875 0.831772575250836 0.0224609375 0.03545150501672241
0 0.44189453125 0.033444816053511704 0.0693359375 0.061538461538461535
0 0.53564453125 0.7852842809364549 0.0302734375 0.02809364548494983
0 0.48974609375 0.7832775919732441 0.0380859375 0.033444816053511704
0 0.9833984375 0.7903010033444816 0.03125 0.027424749163879596
