0 0.1708984375 0.2747395833333333 0.06640625 0.11979166666666666
0 0.35546875 0.27994791666666663 0.052734375 0.11458333333333333
0 0.470703125 0.28776041666666663 0.056640625 0.11458333333333333
0 0.578125 0.3294270833333333 0.072265625 0.13020833333333331
0 0.6630859375 0.23177083333333331 0.05859375 0.1328125
0 0.7880859375 0.22395833333333331 0.0625 0.11197916666666666
0 0.876953125 0.30859375 0.072265625 0.13541666666666666
0 0.2626953125 0.64453125 0.06640625 0.11458333333333333
0 0.50390625 0.5989583333333333 0.056640625 0.12760416666666666
0 0.740234375 0.5729166666666666 0.064453125 0.11197916666666666
