0 0.05615234375 0.126056338028169 0.0400390625 0.06901408450704226
0 0.14892578125 0.15845070422535212 0.0361328125 0.05774647887323944
0 0.240234375 0.12253521126760564 0.03515625 0.061971830985915494
0 0.3916015625 0.07394366197183098 0.03515625 0.06619718309859156
0 0.49755859375 0.10422535211267606 0.0361328125 0.0647887323943662
0 0.55908203125 0.1330985915492958 0.0361328125 0.054929577464788736
0 0.6396484375 0.13802816901408452 0.037109375 0.061971830985915494
0 0.73486328125 0.14647887323943662 0.0419921875 0.0647887323943662
0 0.84375 0.17464788732394368 0.0390625 0.06760563380281691
0 0.97021484375 0.12253521126760564 0.0458984375 0.07887323943661972
0 0.89697265625 0.4535211267605634 0.0498046875 0.08450704225352113
0 0.78564453125 0.42394366197183103 0.0419921875 0.07887323943661972
0 0.6708984375 0.4056338028169014 0.041015625 0.08169014084507042
0 0.56689453125 0.37816901408450704 0.0380859375 0.06338028169014084
0 0.22265625 0.3422535211267606 0.05078125 0.08732394366197184
0 0.0908203125 0.41619718309859155 0.04296875 0.07183098591549296
