0 0.75732421875 0.375 0.0322265625 0.049479166666666664
0 0.71142578125 0.392578125 0.0302734375 0.045572916666666664
0 0.6376953125 0.4036458333333333 0.02734375 0.049479166666666664
0 0.6201171875 0.326171875 0.03125 0.045572916666666664
0 0.54248046875 0.33658854166666663 0.0244140625 0.037760416666666664
0 0.47119140625 0.3177083333333333 0.0302734375 0.041666666666666664
0 0.40966796875 0.3548177083333333 0.0224609375 0.03515625
0 0.349609375 0.353515625 0.02734375 0.04296875
0 0.31640625 0.3430989583333333 0.029296875 0.045572916666666664
0 0.25634765625 0.3880208333333333 0.0302734375 0.041666666666666664
0 0.18701171875 0.3997395833333333 0.0283203125 0.04427083333333333
