0 0.12158203125 0.191800878477306 0.0380859375 0.05856515373352855
0 0.20361328125 0.27891654465592974 0.0400390625 0.0629575402635432
0 0.24951171875 0.21669106881405564 0.0322265625 0.05856515373352855
0 0.3154296875 0.29209370424597364 0.037109375 0.060029282576866766
0 0.3427734375 0.22620790629575405 0.033203125 0.060029282576866766
0 0.3701171875 0.3257686676427526 0.02734375 0.03953147877013177
0 0.421875 0.23572474377745242 0.033203125 0.06149341142020498
0 0.45263671875 0.27891654465592974 0.0341796875 0.0629575402635432
0 0.54150390625 0.28111273792093705 0.0302734375 0.05856515373352855
0 0.51904296875 0.22913616398243047 0.0302734375 0.060029282576866766
0 0.44970703125 0.3945827232796486 0.0361328125 0.05710102489019034
0 0.62841796875 0.2825768667642753 0.0341796875 0.06149341142020498
0 0.62353515625 0.22108345534407028 0.0302734375 0.05856515373352855
0 0.71533203125 0.23792093704245976 0.0322265625 0.0629575402635432
0 0.71923828125 0.3711566617862372 0.0263671875 0.03953147877013177
0 0.76171875 0.308199121522694 0.03515625 0.0629575402635432
0 0.83447265625 0.2554904831625183 0.0341796875 0.060029282576866766
0 0.86376953125 0.3367496339677892 0.0380859375 0.07027818448023426
0 0.64501953125 0.479502196193265 0.0322265625 0.05124450951683748
0 0.5615234375 0.4838945827232797 0.033203125 0.05710102489019034
0 0.62939453125 0.5929721815519766 0.0283203125 0.04978038067349927
0 0.2529296875 0.35651537335285505 0.037109375 0.06588579795021962
0 0.17822265625 0.44875549048316254 0.0244140625 0.036603221083455345
