0 0.1015625 0.458984375 0.03515625 0.04817708333333333
0 0.13525390625 0.41471354166666663 0.0322265625 0.053385416666666664
0 0.17724609375 0.412109375 0.0322265625 0.04817708333333333
0 0.2275390625 0.46354166666666663 0.029296875 0.05208333333333333
0 0.26025390625 0.42643229166666663 0.0322265625 0.04817708333333333
0 0.33154296875 0.39713541666666663 0.0263671875 0.04427083333333333
0 0.36474609375 0.45703125 0.0263671875 0.04427083333333333
0 0.43896484375 0.421875 0.0263671875 0.041666666666666664
0 0.4716796875 0.43815104166666663 0.02734375 0.04817708333333333
0 0.54833984375 0.46354166666666663 0.0244140625 0.03645833333333333
0 0.55712890625 0.5208333333333333 0.0361328125 0.05989583333333333
0 0.27197265625 0.5481770833333333 0.0341796875 0.0546875
0 0.35986328125 0.6100260416666666 0.0341796875 0.053385416666666664
0 0.458984375 0.5436197916666666 0.029296875 0.04817708333333333
0 0.59423828125 0.5638020833333333 0.0341796875 0.057291666666666664
0 0.69970703125 0.5514322916666666 0.0302734375 0.05078125
0 0.6318359375 0.462890625 0.025390625 0.037760416666666664
0 0.65966796875 0.423828125 0.0263671875 0.04296875
0 0.73974609375 0.52734375 0.0263671875 0.04427083333333333
0 0.7666015625 0.4700520833333333 0.02734375 0.0390625
0 0.82568359375 0.4739583333333333 0.0322265625 0.049479166666666664
0 0.79052734375 0.5598958333333333 0.0380859375 0.0546875
0 0.892578125 0.46158854166666663 0.033203125 0.05078125
