0 0.740234375 0.23169107856191745 0.041015625 0.06657789613848203
0 0.58984375 0.4027962716378163 0.046875 0.07856191744340879
0 0.53076171875 0.33422103861517977 0.0498046875 0.06924101198402131
0 0.48876953125 0.2656458055925433 0.0517578125 0.07057256990679095
0 0.4365234375 0.3854860186418109 0.046875 0.06790945406125166
0 0.3984375 0.4633821571238349 0.04296875 0.06924101198402131
0 0.27978515625 0.4254327563249002 0.0341796875 0.03861517976031958
0 0.34033203125 0.303595206391478 0.0419921875 0.06657789613848203
0 0.287109375 0.29627163781624505 0.0234375 0.049267643142476704
0 0.2255859375 0.3442077230359521 0.041015625 0.07856191744340879
0 0.7099609375 0.3229027962716378 0.04296875 0.06790945406125166
