0 0.61767578125 0.5138888888888888 0.0576171875 0.06111111111111111
0 0.50732421875 0.5022222222222222 0.0615234375 0.07555555555555556
0 0.326171875 0.5288888888888889 0.052734375 0.06888888888888889
0 0.1669921875 0.5372222222222223 0.0625 0.07444444444444444
0 0.21533203125 0.4072222222222222 0.0439453125 0.04777777777777778
0 0.3828125 0.36777777777777776 0.044921875 0.04666666666666667
0 0.52685546875 0.1761111111111111 0.0478515625 0.06111111111111111
0 0.666015625 0.29 0.044921875 0.05555555555555555
0 0.79248046875 0.2788888888888889 0.0498046875 0.057777777777777775
0 0.900390625 0.45444444444444443 0.0625 0.06888888888888889
0 0.75537109375 0.4688888888888889 0.0576171875 0.07555555555555556
