0 0.1474609375 0.35807291666666663 0.048828125 0.078125
0 0.19677734375 0.3430989583333333 0.0380859375 0.061197916666666664
0 0.2509765625 0.41471354166666663 0.0390625 0.04817708333333333
0 0.28515625 0.4602864583333333 0.044921875 0.061197916666666664
0 0.357421875 0.435546875 0.03125 0.04036458333333333
0 0.3671875 0.37109375 0.044921875 0.049479166666666664
0 0.44140625 0.3743489583333333 0.04296875 0.07161458333333333
0 0.50927734375 0.396484375 0.0380859375 0.05598958333333333
0 0.6279296875 0.3860677083333333 0.041015625 0.06380208333333333
0 0.673828125 0.36393229166666663 0.03515625 0.05598958333333333
0 0.77587890625 0.3704427083333333 0.0322265625 0.04036458333333333
0 0.74560546875 0.33984375 0.0400390625 0.05989583333333333
0 0.9296875 0.345703125 0.04296875 0.05598958333333333
0 0.42626953125 0.501953125 0.0458984375 0.05598958333333333
0 0.60986328125 0.59765625 0.0400390625 0.0546875
0 0.705078125 0.6783854166666666 0.0390625 0.0546875
0 0.7314453125 0.498046875 0.041015625 0.061197916666666664
0 0.2265625 0.6764322916666666 0.04296875 0.05859375
0 0.2587890625 0.759765625 0.044921875 0.061197916666666664
0 0.13916015625 0.44596354166666663 0.0458984375 0.07161458333333333
