0 0.03564453125 0.6362973760932944 0.0087890625 0.016034985422740525
0 0.08251953125 0.6457725947521866 0.0087890625 0.01749271137026239
0 0.2587890625 0.6209912536443148 0.0078125 0.014577259475218658
0 0.29443359375 0.5896501457725948 0.0068359375 0.016034985422740525
0 0.37060546875 0.6180758017492711 0.0068359375 0.014577259475218658
0 0.65966796875 0.8411078717201166 0.0166015625 0.03498542274052478
0 0.541015625 0.7244897959183674 0.01171875 0.02040816326530612
0 0.611328125 0.6763848396501457 0.0078125 0.02040816326530612
0 0.63134765625 0.6829446064139941 0.0126953125 0.021865889212827987
0 0.5234375 0.6800291545189504 0.009765625 0.018950437317784258
0 0.4287109375 0.6865889212827988 0.009765625 0.01749271137026239
0 0.50732421875 0.6341107871720116 0.0087890625 0.014577259475218658
0 0.6484375 0.6384839650145773 0.0078125 0.011661807580174927
0 0.4580078125 0.6785714285714286 0.0078125 0.018950437317784258
0 0.55126953125 0.6275510204081632 0.0068359375 0.013119533527696793
0 0.25732421875 0.6618075801749271 0.0087890625 0.01749271137026239
0 0.28466796875 0.6355685131195336 0.0068359375 0.011661807580174927
0 0.2978515625 0.6399416909620991 0.0078125 0.014577259475218658
0 0.32421875 0.6800291545189504 0.0078125 0.016034985422740525
0 0.4697265625 0.6348396501457726 0.005859375 0.013119533527696793
0 0.48583984375 0.5903790087463556 0.0068359375 0.014577259475218658
0 0.11328125 0.6100583090379008 0.0078125 0.013119533527696793
0 0.97802734375 0.7412536443148688 0.0146484375 0.02478134110787172
