0 0.1630859375 0.9025297619047619 0.0546875 0.06101190476190476
0 0.1201171875 0.7864583333333333 0.06640625 0.0625
0 0.12109375 0.7094494047619048 0.064453125 0.057291666666666664
0 0.0732421875 0.6145833333333333 0.060546875 0.050595238095238096
0 0.3310546875 0.8113839285714285 0.05859375 0.058779761904761904
0 0.4833984375 0.8426339285714285 0.07421875 0.06919642857142856
0 0.6787109375 0.8660714285714285 0.056640625 0.06101190476190476
0 0.9267578125 0.8984375 0.064453125 0.05133928571428571
0 0.8388671875 0.7916666666666666 0.064453125 0.05505952380952381
0 0.5673828125 0.7485119047619048 0.0703125 0.0625
0 0.72900390625 0.6674107142857143 0.0732421875 0.0625
0 0.0048828125 0.9486607142857142 0.01171875 0.049107142857142856
0 0.36669921875 0.7589285714285714 0.0673828125 0.05654761904761904
0 0.49853515625 0.7462797619047619 0.0654296875 0.06101190476190476
0 0.94482421875 0.6945684523809523 0.0556640625 0.057291666666666664
0 0.2490234375 0.5900297619047619 0.064453125 0.0625
0 0.48828125 0.5770089285714285 0.064453125 0.06026785714285714
0 0.67431640625 0.4970238095238095 0.0654296875 0.05505952380952381
0 0.91015625 0.5178571428571428 0.0546875 0.05208333333333333
0 0.46728515625 0.5066964285714285 0.0595703125 0.03869047619047619
0 0.3056640625 0.47023809523809523 0.05859375 0.049107142857142856
0 0.25146484375 0.38541666666666663 0.0458984375 0.06398809523809523
0 0.1328125 0.31212797619047616 0.0625 0.057291666666666664
0 0.70556640625 0.3671875 0.0693359375 0.055803571428571425
0 0.822265625 0.3005952380952381 0.064453125 0.05505952380952381
0 0.98681640625 0.05022321428571428 0.0244140625 0.046875
0 0.83056640625 0.054315476190476185 0.0517578125 0.047619047619047616
0 0.91162109375 0.15513392857142858 0.0537109375 0.05133928571428571
0 0.82421875 0.21986607142857142 0.060546875 0.046875
0 0.58837890625 0.2552083333333333 0.0556640625 0.050595238095238096
0 0.6123046875 0.19419642857142855 0.064453125 0.05803571428571428
0 0.634765625 0.07068452380952381 0.05078125 0.047619047619047616
0 0.40478515625 0.2693452380952381 0.0537109375 0.05803571428571428
0 0.42529296875 0.21688988095238093 0.0615234375 0.057291666666666664
0 0.45068359375 0.0665922619047619 0.0517578125 0.05133928571428571
0 0.38916015625 0.07961309523809523 0.0419921875 0.047619047619047616
0 0.39697265625 0.15513392857142858 0.0576171875 0.054315476190476185
0 0.1044921875 0.06994047619047619 0.0546875 0.049107142857142856
0 0.14306640625 0.14955357142857142 0.0595703125 0.05654761904761904
0 0.19384765625 0.1919642857142857 0.0673828125 0.05505952380952381
