0 0.0244140625 0.275390625 0.015625 0.02734375
0 0.07470703125 0.2962239583333333 0.0322265625 0.045572916666666664
0 0.11865234375 0.3098958333333333 0.0166015625 0.026041666666666664
0 0.27392578125 0.271484375 0.0126953125 0.024739583333333332
0 0.36181640625 0.28580729166666663 0.0244140625 0.04036458333333333
0 0.330078125 0.37955729166666663 0.017578125 0.03515625
0 0.38671875 0.2734375 0.013671875 0.0234375
0 0.4404296875 0.376953125 0.0234375 0.037760416666666664
0 0.54248046875 0.31901041666666663 0.0380859375 0.078125
0 0.52734375 0.337890625 0.01953125 0.037760416666666664
0 0.904296875 0.341796875 0.02734375 0.04036458333333333
0 0.9599609375 0.2981770833333333 0.01953125 0.028645833333333332
0 0.68994140625 0.33463541666666663 0.0185546875 0.028645833333333332
0 0.7724609375 0.3118489583333333 0.017578125 0.024739583333333332
0 0.8173828125 0.37109375 0.02734375 0.033854166666666664
0 0.69287109375 0.279296875 0.0146484375 0.022135416666666664
0 0.86181640625 0.33203125 0.0205078125 0.03125
