0 0.48583984375 0.5234260614934114 0.0478515625 0.13616398243045388
0 0.63916015625 0.42093704245973645 0.0205078125 0.0424597364568082
0 0.66162109375 0.34773060029282576 0.0087890625 0.01903367496339678
0 0.623046875 0.34553440702781846 0.013671875 0.02342606149341142
0 0.5546875 0.35285505124450955 0.013671875 0.02342606149341142
0 0.54541015625 0.35651537335285505 0.0068359375 0.016105417276720352
0 0.51318359375 0.3404099560761347 0.0126953125 0.027818448023426062
0 0.490234375 0.3462664714494876 0.0234375 0.03953147877013177
0 0.4306640625 0.35505124450951686 0.015625 0.03074670571010249
0 0.36669921875 0.35212298682284043 0.0361328125 0.06881405563689605
0 0.380859375 0.32430453879941434 0.01953125 0.036603221083455345
0 0.39697265625 0.34773060029282576 0.0126953125 0.024890190336749635
0 0.310546875 0.335285505124451 0.015625 0.032210834553440704
0 0.28466796875 0.3389458272327965 0.0283203125 0.04538799414348463
0 0.23828125 0.3418740849194729 0.021484375 0.036603221083455345
0 0.19775390625 0.34480234260614934 0.0263671875 0.03953147877013177
0 0.12646484375 0.34480234260614934 0.0634765625 0.11273792093704246
0 0.0283203125 0.33455344070278187 0.056640625 0.07759882869692533
