0 0.1845703125 0.20687134502923976 0.05859375 0.11842105263157894
0 0.23828125 0.13742690058479531 0.060546875 0.11403508771929824
0 0.26708984375 0.06140350877192982 0.0556640625 0.11403508771929824
0 0.34912109375 0.21564327485380116 0.0556640625 0.10380116959064327
0 0.423828125 0.1783625730994152 0.0546875 0.10818713450292397
0 0.47607421875 0.06871345029239766 0.0576171875 0.1286549707602339
0 0.56982421875 0.2982456140350877 0.0595703125 0.09064327485380116
0 0.775390625 0.18932748538011696 0.052734375 0.11257309941520467
0 0.7978515625 0.4948830409356725 0.0625 0.13011695906432746
0 0.0048828125 0.28581871345029236 0.01171875 0.0804093567251462
