0 0.0830078125 0.6024759284731774 0.017578125 0.03301237964236589
0 0.10986328125 0.6017881705639615 0.0166015625 0.03163686382393398
0 0.14208984375 0.594222833562586 0.0146484375 0.03301237964236589
0 0.1630859375 0.6182943603851444 0.017578125 0.03163686382393398
0 0.201171875 0.5887207702888583 0.017578125 0.03576341127922971
0 0.23828125 0.5962861072902338 0.01953125 0.03163686382393398
0 0.15771484375 0.5653370013755158 0.0126953125 0.024759284731774415
0 0.2265625 0.5591471801925723 0.013671875 0.023383768913342505
0 0.25048828125 0.5591471801925723 0.0126953125 0.017881705639614855
0 0.00537109375 0.4546079779917469 0.0107421875 0.02888583218707015
0 0.18408203125 0.5440165061898212 0.0107421875 0.017881705639614855
0 0.37451171875 0.22902338376891335 0.0400390625 0.06189821182943604
0 0.5224609375 0.4484181568088033 0.01953125 0.04126547455295736
0 0.453125 0.6107290233837689 0.01953125 0.03301237964236589
0 0.4521484375 0.5680880330123796 0.017578125 0.030261348005502064
0 0.4873046875 0.5605226960110041 0.015625 0.0343878954607978
0 0.5 0.5694635488308115 0.015625 0.030261348005502064
0 0.59375 0.5508940852819807 0.017578125 0.03163686382393398
0 0.59814453125 0.5983493810178817 0.0166015625 0.030261348005502064
0 0.64453125 0.577028885832187 0.017578125 0.03163686382393398
0 0.66357421875 0.5020632737276479 0.0146484375 0.027510316368638238
0 0.64111328125 0.4621733149931224 0.0166015625 0.027510316368638238
0 0.591796875 0.4174690508940853 0.01171875 0.02063273727647868
0 0.5068359375 0.45735900962861076 0.0078125 0.015130674002751032
0 0.68798828125 0.4167812929848693 0.0146484375 0.030261348005502064
0 0.6953125 0.5839064649243466 0.017578125 0.02888583218707015
0 0.5595703125 0.4332874828060523 0.009765625 0.016506189821182946
0 0.6142578125 0.3858321870701513 0.013671875 0.02063273727647868
0 0.5712890625 0.45735900962861076 0.015625 0.026134800550206328
0 0.609375 0.43878954607977994 0.01171875 0.02200825309491059
0 0.88330078125 0.5900962861072903 0.0205078125 0.03851444291609354
0 0.8720703125 0.5570839064649243 0.017578125 0.030261348005502064
0 0.8623046875 0.5405777166437414 0.013671875 0.024759284731774415
0 0.87060546875 0.5116918844566712 0.0146484375 0.02200825309491059
0 0.90771484375 0.5192572214580468 0.0185546875 0.02888583218707015
0 0.9296875 0.5178817056396149 0.017578125 0.0343878954607978
0 0.939453125 0.577028885832187 0.0234375 0.03988995873452545
0 0.9853515625 0.5577716643741403 0.021484375 0.037138927097661624
0 0.970703125 0.5261348005502063 0.015625 0.02888583218707015
0 0.9599609375 0.5213204951856947 0.017578125 0.03576341127922971
0 0.0546875 0.6182943603851444 0.015625 0.026134800550206328
0 0.0263671875 0.6774415405777167 0.01171875 0.02063273727647868
0 0.0556640625 0.5955983493810179 0.015625 0.030261348005502064
0 0.03759765625 0.6079779917469051 0.0107421875 0.02200825309491059
