0 0.65478515625 0.6286549707602339 0.0302734375 0.07017543859649122
0 0.7900390625 0.41812865497076024 0.037109375 0.09064327485380116
0 0.8935546875 0.23318713450292397 0.033203125 0.0891812865497076
0 0.74365234375 0.22002923976608185 0.0263671875 0.07456140350877193
0 0.64892578125 0.2850877192982456 0.0244140625 0.05555555555555555
0 0.8662109375 0.24780701754385964 0.01953125 0.039473684210526314
0 0.90478515625 0.14619883040935672 0.0205078125 0.03508771929824561
0 0.95654296875 0.12207602339181287 0.0224609375 0.04239766081871345
0 0.57763671875 0.18932748538011696 0.0263671875 0.054093567251461985
0 0.51708984375 0.22514619883040934 0.0263671875 0.043859649122807015
0 0.67529296875 0.1769005847953216 0.0166015625 0.03216374269005848
0 0.802734375 0.06725146198830409 0.01953125 0.03508771929824561
0 0.7646484375 0.10160818713450293 0.015625 0.027777777777777776
0 0.78173828125 0.06871345029239766 0.0126953125 0.02631578947368421
0 0.62890625 0.19517543859649122 0.015625 0.033625730994152045
0 0.45263671875 0.12646198830409355 0.0126953125 0.024853801169590642
0 0.53662109375 0.12646198830409355 0.0126953125 0.019005847953216373
0 0.57666015625 0.09868421052631579 0.0126953125 0.021929824561403508
0 0.4736328125 0.2134502923976608 0.013671875 0.02631578947368421
0 0.21826171875 0.4122807017543859 0.0341796875 0.05847953216374269
0 0.36083984375 0.35526315789473684 0.0322265625 0.05263157894736842
0 0.2822265625 0.32309941520467833 0.0234375 0.03508771929824561
0 0.19091796875 0.3501461988304093 0.0205078125 0.033625730994152045
0 0.41748046875 0.30116959064327486 0.0126953125 0.02631578947368421
0 0.01611328125 0.5467836257309941 0.0205078125 0.05555555555555555
0 0.068359375 0.4546783625730994 0.01953125 0.03216374269005848
0 0.08056640625 0.39766081871345027 0.0146484375 0.02631578947368421
0 0.15185546875 0.381578947368421 0.0166015625 0.03508771929824561
0 0.41455078125 0.24561403508771928 0.0107421875 0.02046783625730994
0 0.40771484375 0.22002923976608185 0.0107421875 0.021929824561403508
0 0.353515625 0.26096491228070173 0.01953125 0.03070175438596491
0 0.3671875 0.16812865497076024 0.01171875 0.023391812865497075
0 0.32275390625 0.19371345029239764 0.0126953125 0.019005847953216373
0 0.29345703125 0.26096491228070173 0.0126953125 0.021929824561403508
0 0.2587890625 0.20833333333333331 0.01171875 0.019005847953216373
0 0.23974609375 0.283625730994152 0.0185546875 0.03216374269005848
0 0.2392578125 0.24634502923976606 0.013671875 0.019005847953216373
0 0.23974609375 0.21052631578947367 0.0087890625 0.017543859649122806
0 0.19580078125 0.24195906432748537 0.0107421875 0.019005847953216373
0 0.2041015625 0.3026315789473684 0.01171875 0.02046783625730994
0 0.16796875 0.3508771929824561 0.015625 0.023391812865497075
0 0.15966796875 0.277046783625731 0.0087890625 0.01608187134502924
0 0.22119140625 0.1907894736842105 0.0107421875 0.01608187134502924
0 0.2080078125 0.19736842105263158 0.0078125 0.017543859649122806
0 0.17529296875 0.21637426900584794 0.0087890625 0.014619883040935672
0 0.15673828125 0.23976608187134502 0.0107421875 0.023391812865497075
0 0.14013671875 0.2404970760233918 0.0107421875 0.024853801169590642
0 0.12060546875 0.3523391812865497 0.0146484375 0.02631578947368421
0 0.07470703125 0.2704678362573099 0.0087890625 0.017543859649122806
0 0.06005859375 0.2711988304093567 0.0087890625 0.019005847953216373
0 0.03173828125 0.35526315789473684 0.0126953125 0.023391812865497075
0 0.05908203125 0.3187134502923976 0.0185546875 0.03216374269005848
0 0.0166015625 0.2982456140350877 0.013671875 0.017543859649122806
0 0.0322265625 0.408625730994152 0.015625 0.027777777777777776
0 0.00830078125 0.36257309941520466 0.0126953125 0.023391812865497075
0 0.69140625 0.266812865497076 0.033203125 0.06286549707602339
0 0.4873046875 0.3084795321637427 0.025390625 0.049707602339181284
0 0.45947265625 0.2894736842105263 0.0224609375 0.03216374269005848
0 0.1240234375 0.29605263157894735 0.015625 0.027777777777777776
0 0.099609375 0.30336257309941517 0.015625 0.033625730994152045
0 0.12939453125 0.408625730994152 0.0244140625 0.033625730994152045
0 0.04638671875 0.5548245614035088 0.0302734375 0.06578947368421052
