0 0.48388671875 0.4485677083333333 0.0693359375 0.12630208333333331
0 0.16162109375 0.42252604166666663 0.0439453125 0.10026041666666666
0 0.25244140625 0.4661458333333333 0.0419921875 0.0703125
0 0.05224609375 0.40885416666666663 0.0185546875 0.03125
0 0.10546875 0.36588541666666663 0.02734375 0.049479166666666664
0 0.0302734375 0.42057291666666663 0.01953125 0.033854166666666664
0 0.1796875 0.4407552083333333 0.015625 0.029947916666666664
0 0.203125 0.45572916666666663 0.013671875 0.028645833333333332
0 0.7177734375 0.42057291666666663 0.083984375 0.14322916666666666
0 0.8037109375 0.40885416666666663 0.07421875 0.13541666666666666
0 0.89453125 0.43229166666666663 0.052734375 0.1015625
