0 0.1025390625 0.45888399412628483 0.015625 0.0513950073421439
0 0.0068359375 0.34287812041116006 0.015625 0.03083700440528634
0 0.02587890625 0.28120411160058734 0.0224609375 0.04845814977973568
0 0.04248046875 0.25917767988252566 0.0166015625 0.03964757709251101
0 0.11474609375 0.26945668135095446 0.0244140625 0.042584434654919234
0 0.2451171875 0.3487518355359765 0.01953125 0.042584434654919234
0 0.03759765625 0.48237885462555063 0.0224609375 0.04552129221732746
0 0.1318359375 0.48678414096916295 0.0234375 0.03964757709251101
0 0.296875 0.4045521292217327 0.021484375 0.042584434654919234
0 0.1767578125 0.35242290748898675 0.0234375 0.05873715124816446
0 0.265625 0.24963289280469897 0.021484375 0.041116005873715125
0 0.27978515625 0.290014684287812 0.0185546875 0.03083700440528634
0 0.30615234375 0.2723935389133627 0.0224609375 0.04845814977973568
0 0.3203125 0.2459618208516887 0.01953125 0.03964757709251101
0 0.34521484375 0.24008810572687223 0.0146484375 0.03083700440528634
0 0.10546875 0.23201174743024963 0.025390625 0.0381791483113069
0 0.158203125 0.20851688693098383 0.0234375 0.04698972099853157
0 0.12451171875 0.18355359765051393 0.0185546875 0.032305433186490456
0 0.033203125 0.1079295154185022 0.01953125 0.03671071953010279
0 0.02099609375 0.04331864904552129 0.0166015625 0.02790014684287812
0 0.08154296875 0.04331864904552129 0.0185546875 0.033773861967694566
0 0.12060546875 0.0947136563876652 0.0166015625 0.033773861967694566
0 0.1640625 0.06534508076358296 0.01953125 0.033773861967694566
0 0.17138671875 0.1659324522760646 0.0205078125 0.0381791483113069
0 0.20556640625 0.16886930983847281 0.0185546875 0.0381791483113069
0 0.20068359375 0.11233480176211454 0.0166015625 0.03671071953010279
0 0.2333984375 0.1093979441997063 0.017578125 0.033773861967694566
0 0.251953125 0.08883994126284875 0.015625 0.033773861967694566
0 0.2529296875 0.04331864904552129 0.017578125 0.03083700440528634
0 0.17138671875 0.017621145374449337 0.0166015625 0.026431718061674006
0 0.22412109375 0.2004405286343612 0.0166015625 0.033773861967694566
0 0.22998046875 0.17033773861967694 0.0126953125 0.032305433186490456
0 0.236328125 0.16226138032305432 0.01171875 0.02790014684287812
0 0.21337890625 0.14464023494860498 0.0126953125 0.02790014684287812
0 0.2333984375 0.22466960352422907 0.01171875 0.026431718061674006
0 0.26953125 0.019823788546255505 0.015625 0.02790014684287812
0 0.27294921875 0.06167400881057268 0.0146484375 0.023494860499265784
0 0.0419921875 0.005873715124816446 0.01953125 0.014684287812041116
0 0.115234375 0.021292217327459617 0.015625 0.02790014684287812
0 0.29150390625 0.15124816446402348 0.0146484375 0.026431718061674006
0 0.28759765625 0.13142437591776798 0.0166015625 0.03083700440528634
0 0.31396484375 0.13509544787077826 0.0146484375 0.02936857562408223
0 0.32373046875 0.08810572687224669 0.0166015625 0.032305433186490456
0 0.349609375 0.08370044052863436 0.015625 0.035242290748898675
0 0.3759765625 0.08663729809104258 0.013671875 0.023494860499265784
0 0.38720703125 0.12922173274596183 0.0166015625 0.032305433186490456
0 0.28955078125 0.18649045521292215 0.0146484375 0.02936857562408223
0 0.27392578125 0.20778267254038177 0.0146484375 0.02790014684287812
0 0.30126953125 0.2209985315712188 0.0185546875 0.03083700440528634
0 0.318359375 0.18135095447870778 0.015625 0.02790014684287812
0 0.32568359375 0.20998531571218795 0.0146484375 0.026431718061674006
0 0.33984375 0.1725403817914831 0.013671875 0.02790014684287812
0 0.36865234375 0.17180616740088106 0.0185546875 0.02936857562408223
0 0.37646484375 0.20190895741556533 0.0185546875 0.03083700440528634
0 0.3603515625 0.27606461086637296 0.015625 0.02936857562408223
0 0.396484375 0.15785609397944197 0.015625 0.03083700440528634
0 0.40576171875 0.12408223201174742 0.0146484375 0.03083700440528634
0 0.43017578125 0.1644640234948605 0.0166015625 0.02936857562408223
0 0.41552734375 0.19162995594713655 0.0166015625 0.03083700440528634
0 0.423828125 0.29955947136563876 0.021484375 0.04405286343612334
0 0.45361328125 0.2488986784140969 0.0126953125 0.03083700440528634
0 0.48291015625 0.29295154185022027 0.0224609375 0.03964757709251101
0 0.50048828125 0.2533039647577092 0.0166015625 0.033773861967694566
0 0.4892578125 0.20117474302496327 0.017578125 0.032305433186490456
0 0.48046875 0.22834067547723935 0.017578125 0.03083700440528634
0 0.47265625 0.1776798825256975 0.015625 0.02936857562408223
0 0.46630859375 0.07782672540381791 0.0166015625 0.026431718061674006
0 0.513671875 0.10205580029368574 0.017578125 0.033773861967694566
0 0.43359375 0.0829662261380323 0.015625 0.02790014684287812
0 0.41162109375 0.07856093979441997 0.0146484375 0.024963289280469897
0 0.51171875 0.18869309838472834 0.015625 0.03671071953010279
0 0.5341796875 0.20190895741556533 0.01953125 0.033773861967694566
0 0.3974609375 0.053597650513950074 0.013671875 0.03083700440528634
0 0.4423828125 0.057268722466960346 0.015625 0.02936857562408223
0 0.47412109375 0.04772393538913362 0.0166015625 0.03083700440528634
0 0.49755859375 0.03964757709251101 0.0126953125 0.023494860499265784
0 0.51318359375 0.037444933920704845 0.0126953125 0.024963289280469897
0 0.45361328125 0.11674008810572686 0.0146484375 0.024963289280469897
0 0.40625 0.028634361233480173 0.01171875 0.01908957415565345
0 0.44287109375 0.030102790014684286 0.0146484375 0.02790014684287812
0 0.431640625 0.030102790014684286 0.01171875 0.02202643171806167
0 0.482421875 0.02569750367107195 0.013671875 0.024963289280469897
0 0.47705078125 0.011013215859030836 0.0126953125 0.02202643171806167
0 0.5185546875 0.008810572687224669 0.013671875 0.020558002936857563
0 0.54150390625 0.06167400881057268 0.0126953125 0.026431718061674006
0 0.55517578125 0.13803230543318648 0.0146484375 0.02936857562408223
0 0.5703125 0.09251101321585903 0.015625 0.035242290748898675
0 0.599609375 0.1093979441997063 0.015625 0.024963289280469897
0 0.62109375 0.0697503671071953 0.01171875 0.024963289280469897
0 0.61376953125 0.03303964757709251 0.0146484375 0.02790014684287812
0 0.63720703125 0.038913362701908955 0.0146484375 0.02790014684287812
0 0.65185546875 0.06534508076358296 0.0126953125 0.024963289280469897
0 0.6669921875 0.05947136563876652 0.013671875 0.02790014684287812
0 0.685546875 0.05580029368575624 0.01171875 0.02936857562408223
0 0.69580078125 0.03671071953010279 0.0146484375 0.023494860499265784
0 0.6611328125 0.03964757709251101 0.013671875 0.023494860499265784
0 0.69921875 0.016152716593245228 0.013671875 0.023494860499265784
0 0.634765625 0.09030837004405286 0.01171875 0.02790014684287812
0 0.6748046875 0.09030837004405286 0.015625 0.03083700440528634
0 0.703125 0.09177679882525697 0.015625 0.02790014684287812
0 0.685546875 0.13582966226138032 0.015625 0.03083700440528634
0 0.62158203125 0.15712187958883994 0.0166015625 0.026431718061674006
0 0.568359375 0.17033773861967694 0.017578125 0.026431718061674006
0 0.61181640625 0.21071953010279001 0.0166015625 0.03083700440528634
0 0.6357421875 0.21659324522760645 0.017578125 0.03083700440528634
0 0.65576171875 0.197503671071953 0.0146484375 0.024963289280469897
0 0.68017578125 0.17400881057268722 0.0185546875 0.02790014684287812
0 0.736328125 0.17400881057268722 0.013671875 0.02790014684287812
0 0.7783203125 0.16666666666666666 0.015625 0.02790014684287812
0 0.6455078125 0.237151248164464 0.017578125 0.03083700440528634
0 0.6630859375 0.23274596182085167 0.015625 0.02790014684287812
0 0.6728515625 0.2657856093979442 0.017578125 0.032305433186490456
0 0.59619140625 0.25624082232011747 0.0185546875 0.03964757709251101
0 0.5771484375 0.2834067547723935 0.017578125 0.0381791483113069
0 0.599609375 0.2885462555066079 0.017578125 0.033773861967694566
0 0.62939453125 0.2804698972099853 0.0166015625 0.035242290748898675
0 0.55712890625 0.32378854625550657 0.0166015625 0.03083700440528634
0 0.5830078125 0.3399412628487518 0.017578125 0.033773861967694566
0 0.60546875 0.3399412628487518 0.015625 0.02790014684287812
0 0.62060546875 0.33039647577092507 0.0166015625 0.032305433186490456
0 0.66455078125 0.32452276064610863 0.0166015625 0.0381791483113069
0 0.62109375 0.3663729809104258 0.015625 0.03671071953010279
0 0.650390625 0.3920704845814978 0.017578125 0.035242290748898675
0 0.724609375 0.33480176211453744 0.01953125 0.0381791483113069
0 0.6953125 0.3002936857562408 0.017578125 0.03083700440528634
0 0.7021484375 0.26945668135095446 0.017578125 0.03671071953010279
0 0.724609375 0.2665198237885462 0.017578125 0.03671071953010279
0 0.71435546875 0.25624082232011747 0.0166015625 0.03083700440528634
0 0.7587890625 0.276798825256975 0.015625 0.03083700440528634
0 0.74365234375 0.32158590308370044 0.0126953125 0.035242290748898675
0 0.759765625 0.3267254038179148 0.015625 0.03671071953010279
0 0.76318359375 0.38619676945668135 0.0166015625 0.032305433186490456
0 0.77392578125 0.3223201174743025 0.0146484375 0.033773861967694566
0 0.7685546875 0.2422907488986784 0.015625 0.026431718061674006
0 0.53271484375 0.4111600587371512 0.0244140625 0.041116005873715125
0 0.5380859375 0.5352422907488986 0.021484375 0.03671071953010279
0 0.5908203125 0.5345080763582966 0.021484375 0.0381791483113069
0 0.65380859375 0.5242290748898678 0.0244140625 0.041116005873715125
0 0.6591796875 0.4977973568281938 0.021484375 0.041116005873715125
0 0.66796875 0.4280469897209985 0.021484375 0.04552129221732746
0 0.78369140625 0.47577092511013214 0.0224609375 0.04698972099853157
0 0.72705078125 0.5690161527165932 0.0244140625 0.04552129221732746
0 0.73095703125 0.513215859030837 0.0166015625 0.04552129221732746
0 0.80810546875 0.42731277533039647 0.0205078125 0.032305433186490456
0 0.79248046875 0.434654919236417 0.0166015625 0.032305433186490456
0 0.84423828125 0.46696035242290745 0.0185546875 0.035242290748898675
0 0.81884765625 0.5080763582966226 0.0205078125 0.0381791483113069
0 0.8056640625 0.5704845814977973 0.021484375 0.03671071953010279
0 0.86572265625 0.566813509544787 0.0224609375 0.041116005873715125
0 0.822265625 0.5587371512481645 0.021484375 0.04845814977973568
0 0.8671875 0.4985315712187959 0.0234375 0.03671071953010279
0 0.89111328125 0.4816446402349486 0.0205078125 0.035242290748898675
0 0.857421875 0.4317180616740088 0.01953125 0.026431718061674006
0 0.923828125 0.5293685756240822 0.021484375 0.042584434654919234
0 0.73046875 0.47209985315712183 0.01953125 0.03083700440528634
0 0.90185546875 0.4353891336270191 0.0126953125 0.02790014684287812
0 0.93017578125 0.46696035242290745 0.0205078125 0.041116005873715125
0 0.80419921875 0.3436123348017621 0.0185546875 0.02936857562408223
0 0.95654296875 0.5198237885462554 0.0205078125 0.032305433186490456
0 0.93701171875 0.580029368575624 0.0224609375 0.04405286343612334
0 0.9736328125 0.6314243759177679 0.02734375 0.04698972099853157
0 0.95654296875 0.4383259911894273 0.0185546875 0.033773861967694566
0 0.9814453125 0.4596182085168869 0.0234375 0.041116005873715125
0 0.93212890625 0.41923641703377384 0.0166015625 0.033773861967694566
0 0.91552734375 0.3898678414096916 0.0166015625 0.02790014684287812
0 0.927734375 0.36930983847283405 0.017578125 0.03083700440528634
0 0.95166015625 0.35389133627019087 0.0185546875 0.0381791483113069
0 0.96630859375 0.32452276064610863 0.0166015625 0.02936857562408223
0 0.98779296875 0.3333333333333333 0.0166015625 0.0381791483113069
0 0.97607421875 0.3920704845814978 0.0146484375 0.041116005873715125
0 0.98486328125 0.4008810572687224 0.0146484375 0.032305433186490456
0 0.90576171875 0.31938325991189426 0.0146484375 0.033773861967694566
0 0.8759765625 0.30910425844346545 0.017578125 0.033773861967694566
0 0.830078125 0.46402349486049926 0.01953125 0.0381791483113069
0 0.740234375 0.09030837004405286 0.01171875 0.02202643171806167
0 0.76416015625 0.04845814977973568 0.0126953125 0.023494860499265784
0 0.7177734375 0.05947136563876652 0.01171875 0.024963289280469897
0 0.76904296875 0.09691629955947136 0.0146484375 0.026431718061674006
0 0.767578125 0.11380323054331865 0.013671875 0.02790014684287812
0 0.77880859375 0.14684287812041116 0.0166015625 0.02936857562408223
0 0.79296875 0.12628487518355358 0.013671875 0.026431718061674006
0 0.79248046875 0.04845814977973568 0.0146484375 0.023494860499265784
0 0.83642578125 0.10058737151248164 0.0146484375 0.024963289280469897
0 0.8095703125 0.1938325991189427 0.017578125 0.02936857562408223
0 0.83984375 0.18208516886930984 0.015625 0.032305433186490456
0 0.8486328125 0.184287812041116 0.013671875 0.02790014684287812
0 0.85693359375 0.15785609397944197 0.0146484375 0.02790014684287812
0 0.84619140625 0.07268722466960352 0.0146484375 0.02790014684287812
0 0.8681640625 0.08810572687224669 0.013671875 0.026431718061674006
0 0.8720703125 0.13656387665198236 0.013671875 0.026431718061674006
0 0.8974609375 0.12848751835535976 0.013671875 0.02790014684287812
0 0.775390625 0.08002936857562408 0.013671875 0.02202643171806167
0 0.78955078125 0.06314243759177679 0.0107421875 0.020558002936857563
0 0.81591796875 0.08370044052863436 0.0107421875 0.020558002936857563
0 0.9287109375 0.1027900146842878 0.015625 0.02936857562408223
0 0.9033203125 0.18502202643171806 0.017578125 0.02936857562408223
0 0.87060546875 0.1593245227606461 0.0166015625 0.024963289280469897
0 0.890625 0.2819383259911894 0.017578125 0.035242290748898675
0 0.9638671875 0.2209985315712188 0.017578125 0.033773861967694566
0 0.966796875 0.18649045521292215 0.015625 0.032305433186490456
0 0.93310546875 0.2936857562408223 0.0146484375 0.02936857562408223
0 0.9619140625 0.2966226138032305 0.015625 0.032305433186490456
0 0.98095703125 0.15859030837004404 0.0166015625 0.02936857562408223
0 0.99560546875 0.22613803230543317 0.0068359375 0.023494860499265784
0 0.98193359375 0.08737151248164464 0.0126953125 0.024963289280469897
0 0.98583984375 0.12848751835535976 0.0126953125 0.02790014684287812
0 0.88671875 0.012481644640234948 0.013671875 0.024963289280469897
0 0.9404296875 0.22834067547723935 0.01171875 0.024963289280469897
0 0.8857421875 0.21145374449339205 0.013671875 0.026431718061674006
0 0.810546875 0.1644640234948605 0.015625 0.023494860499265784
0 0.39990234375 0.711453744493392 0.0302734375 0.042584434654919234
0 0.53466796875 0.7459618208516886 0.0283203125 0.04698972099853157
0 0.58935546875 0.7209985315712187 0.0283203125 0.05580029368575624
0 0.63232421875 0.7217327459618208 0.0283203125 0.05433186490455213
0 0.03955078125 0.684287812041116 0.0283203125 0.04405286343612334
0 0.44140625 0.37812041116005873 0.03125 0.06314243759177679
0 0.333984375 0.447870778267254 0.01953125 0.0381791483113069
0 0.8466796875 0.02569750367107195 0.009765625 0.016152716593245228
0 0.86328125 0.010279001468428781 0.01171875 0.020558002936857563
0 0.818359375 0.02202643171806167 0.01171875 0.020558002936857563
0 0.763671875 0.005139500734214391 0.009765625 0.013215859030837003
0 0.85595703125 0.0513950073421439 0.0107421875 0.020558002936857563
0 0.7294921875 0.031571218795888395 0.01171875 0.01908957415565345
0 0.3291015625 0.30469897209985314 0.013671875 0.02790014684287812
0 0.994140625 0.2577092511013216 0.0078125 0.024963289280469897
0 0.57080078125 0.20998531571218795 0.0126953125 0.020558002936857563
0 0.12939453125 0.07782672540381791 0.0107421875 0.020558002936857563
0 0.2060546875 0.02276064610866373 0.015625 0.02202643171806167
