0 0.2314453125 0.24207858048162229 0.09375 0.16223067173637515
0 0.0390625 0.23447401774397972 0.080078125 0.11153358681875791
0 0.07421875 0.5855513307984791 0.083984375 0.16476552598225602
0 0.1796875 0.7807351077313054 0.099609375 0.1394169835234474
0 0.275390625 0.6121673003802282 0.076171875 0.14702154626108999
0 0.255859375 0.9486692015209125 0.091796875 0.10012674271229403
0 0.392578125 0.8301647655259822 0.091796875 0.13688212927756654
0 0.466796875 0.6869455006337135 0.072265625 0.12927756653992395
0 0.61328125 0.6577946768060836 0.087890625 0.14195183776932827
0 0.6845703125 0.85297845373891 0.09375 0.14195183776932827
0 0.912109375 0.7097591888466412 0.072265625 0.12927756653992395
