0 0.71142578125 0.1581259150805271 0.0751953125 0.0629575402635432
0 0.90625 0.11859443631039532 0.046875 0.04978038067349927
0 0.80908203125 0.14165446559297218 0.0244140625 0.0212298682284041
0 0.95947265625 0.09333821376281112 0.0263671875 0.024158125915080528
0 0.388671875 0.3784773060029283 0.046875 0.04538799414348463
0 0.52783203125 0.3850658857979502 0.0478515625 0.04978038067349927
0 0.5498046875 0.4315519765739385 0.083984375 0.06808199121522694
0 0.01953125 0.40702781844802344 0.0390625 0.04685212298682284
0 0.19091796875 0.5018301610541728 0.1669921875 0.08857979502196194
0 0.828125 0.6083455344070279 0.142578125 0.14494875549048317
0 0.77294921875 0.1588579795021962 0.0185546875 0.016105417276720352
0 0.58349609375 0.1650805270863836 0.0205078125 0.018301610541727673
0 0.0693359375 0.2569546120058565 0.01953125 0.021961932650073207
0 0.1015625 0.21961932650073207 0.01953125 0.014641288433382138
0 0.11181640625 0.2437774524158126 0.0205078125 0.01903367496339678
0 0.1396484375 0.23499267935578333 0.021484375 0.02342606149341142
0 0.17431640625 0.23645680819912152 0.0205078125 0.020497803806734993
0 0.158203125 0.22657393850658858 0.0078125 0.00951683748169839
0 0.177734375 0.2554904831625183 0.0234375 0.02635431918008785
0 0.2255859375 0.2613469985358712 0.0234375 0.02342606149341142
0 0.19921875 0.2280380673499268 0.021484375 0.019765739385065886
0 0.283203125 0.21998535871156663 0.01953125 0.019765739385065886
0 0.298828125 0.21376281112737922 0.021484375 0.021961932650073207
0 0.35302734375 0.20717423133235724 0.0244140625 0.021961932650073207
0 0.4072265625 0.1998535871156662 0.017578125 0.017569546120058566
0 0.453125 0.21632503660322108 0.029296875 0.030014641288433383
0 0.4736328125 0.20717423133235724 0.01171875 0.016105417276720352
0 0.50439453125 0.2115666178623719 0.0263671875 0.02635431918008785
0 0.529296875 0.14641288433382138 0.021484375 0.03074670571010249
0 0.65478515625 0.17752562225475843 0.0205078125 0.024158125915080528
0 0.67578125 0.15849194729136165 0.01953125 0.0212298682284041
