0 0.4873046875 0.384765625 0.12890625 0.359375
0 0.74560546875 0.6083984375 0.0478515625 0.115234375
0 0.79736328125 0.8193359375 0.0556640625 0.103515625
0 0.8916015625 0.8505859375 0.056640625 0.119140625
0 0.8134765625 0.1455078125 0.0859375 0.232421875
0 0.09912109375 0.9111328125 0.0537109375 0.123046875
0 0.2275390625 0.82421875 0.0546875 0.1171875
0 0.2578125 0.6728515625 0.052734375 0.126953125
0 0.25048828125 0.5654296875 0.0498046875 0.119140625
0 0.13134765625 0.69921875 0.0439453125 0.1171875
0 0.08935546875 0.8203125 0.0498046875 0.10546875
0 0.2548828125 0.1328125 0.037109375 0.0859375
