0 0.41650390625 0.1948176583493282 0.0517578125 0.16314779270633398
0 0.58349609375 0.4760076775431862 0.0283203125 0.10364683301343569
0 0.4609375 0.4942418426103647 0.05078125 0.12092130518234165
0 0.76123046875 0.4529750479846449 0.0458984375 0.12284069097888675
0 0.93212890625 0.6708253358925144 0.0419921875 0.10556621880998081
0 0.125 0.9606525911708254 0.015625 0.04030710172744722
0 0.0771484375 0.95489443378119 0.013671875 0.04030710172744722
0 0.134765625 0.9261036468330134 0.017578125 0.04798464491362764
0 0.1796875 0.9779270633397312 0.015625 0.036468330134357005
0 0.2294921875 0.9232245681381958 0.013671875 0.030710172744721688
0 0.26220703125 0.944337811900192 0.0146484375 0.03838771593090211
0 0.25927734375 0.8905950095969289 0.0126953125 0.0345489443378119
0 0.22509765625 0.8857965451055662 0.0126953125 0.036468330134357005
0 0.18359375 0.8560460652591171 0.013671875 0.0345489443378119
0 0.228515625 0.8512476007677543 0.01171875 0.03262955854126679
0 0.26025390625 0.8704414587332053 0.0126953125 0.03262955854126679
0 0.24267578125 0.8205374280230326 0.0087890625 0.02879078694817658
0 0.2216796875 0.7495201535508637 0.01171875 0.02879078694817658
0 0.1416015625 0.8550863723608445 0.01171875 0.02879078694817658
0 0.04736328125 0.8646833013435701 0.0107421875 0.02495201535508637
0 0.033203125 0.9203454894433781 0.009765625 0.02879078694817658
0 0.06689453125 0.7936660268714011 0.0107421875 0.02879078694817658
0 0.0625 0.7619961612284069 0.01171875 0.026871401151631478
0 0.02001953125 0.746641074856046 0.0087890625 0.023032629558541268
0 0.02001953125 0.8714011516314779 0.0087890625 0.026871401151631478
0 0.13623046875 0.7658349328214971 0.0087890625 0.026871401151631478
0 0.11865234375 0.7687140115163148 0.0107421875 0.02879078694817658
0 0.0830078125 0.7389635316698656 0.009765625 0.026871401151631478
0 0.0732421875 0.9059500959692898 0.01171875 0.030710172744721688
0 0.09228515625 0.9433781190019194 0.0126953125 0.03262955854126679
0 0.15576171875 0.8138195777351247 0.0126953125 0.0345489443378119
0 0.15283203125 0.7399232245681382 0.0107421875 0.02879078694817658
0 0.21044921875 0.7821497120921305 0.0107421875 0.02495201535508637
0 0.1767578125 0.7850287907869481 0.009765625 0.026871401151631478
0 0.10009765625 0.8358925143953935 0.0126953125 0.02879078694817658
0 0.2666015625 0.8262955854126679 0.01171875 0.03262955854126679
0 0.3037109375 0.9424184261036468 0.015625 0.03838771593090211
0 0.29443359375 0.9126679462571977 0.0126953125 0.03262955854126679
0 0.30859375 0.8905950095969289 0.013671875 0.03838771593090211
0 0.18896484375 0.6986564299424184 0.0087890625 0.026871401151631478
0 0.03271484375 0.9587332053742802 0.0126953125 0.03262955854126679
0 0.13427734375 0.8330134357005757 0.0107421875 0.030710172744721688
0 0.1396484375 0.6880998080614203 0.009765625 0.02879078694817658
0 0.1103515625 0.7005758157389635 0.009765625 0.026871401151631478
0 0.17431640625 0.8867562380038387 0.0146484375 0.03838771593090211
0 0.04248046875 0.6833013435700576 0.0107421875 0.026871401151631478
0 0.072265625 0.6880998080614203 0.009765625 0.02879078694817658
0 0.08935546875 0.5978886756238003 0.0107421875 0.02495201535508637
0 0.2041015625 0.673704414587332 0.0078125 0.023032629558541268
0 0.10791015625 0.8099808061420345 0.0126953125 0.0345489443378119
0 0.24755859375 0.7591170825335892 0.0107421875 0.02495201535508637
0 0.2841796875 0.8013435700575815 0.009765625 0.02495201535508637
0 0.302734375 0.7879078694817658 0.0078125 0.02495201535508637
0 0.1796875 0.7495201535508637 0.0078125 0.02111324376199616
