0 0.73828125 0.36822840409956076 0.01171875 0.027818448023426062
0 0.802734375 0.3953147877013177 0.015625 0.03513909224011713
0 0.81689453125 0.4355783308931186 0.0126953125 0.03367496339677892
0 0.24169921875 0.17496339677891654 0.0205078125 0.027818448023426062
0 0.3330078125 0.14494875549048317 0.017578125 0.032210834553440704
0 0.412109375 0.35724743777452417 0.017578125 0.02635431918008785
0 0.40673828125 0.11200585651537336 0.0166015625 0.027818448023426062
0 0.55859375 0.14494875549048317 0.015625 0.029282576866764276
0 0.48095703125 0.10468521229868229 0.0166015625 0.024890190336749635
0 0.48681640625 0.053440702781844804 0.0146484375 0.027818448023426062
0 0.53564453125 0.015373352855051245 0.0146484375 0.024890190336749635
0 0.548828125 0.06661786237188873 0.009765625 0.01903367496339678
0 0.58349609375 0.008784773060029283 0.0126953125 0.017569546120058566
0 0.7080078125 0.10688140556368961 0.017578125 0.029282576866764276
0 0.86279296875 0.10102489019033675 0.0126953125 0.020497803806734993
0 0.7958984375 0.034407027818448024 0.01171875 0.027818448023426062
0 0.869140625 0.02562225475841874 0.01171875 0.010248901903367497
0 0.01318359375 0.08345534407027819 0.0185546875 0.02342606149341142
0 0.1767578125 0.48535871156661786 0.01953125 0.021961932650073207
0 0.24072265625 0.012445095168374817 0.0146484375 0.01903367496339678
0 0.1591796875 0.02342606149341142 0.017578125 0.02342606149341142
