0 0.19580078125 0.3709016393442623 0.0400390625 0.0778688524590164
0 0.6748046875 0.6564207650273224 0.02734375 0.036885245901639344
0 0.78173828125 0.6311475409836066 0.0302734375 0.05191256830601093
0 0.8779296875 0.630464480874317 0.025390625 0.05874316939890711
0 0.88671875 0.6345628415300546 0.01953125 0.06147540983606557
0 0.9404296875 0.6209016393442623 0.02734375 0.050546448087431695
0 0.98828125 0.6359289617486339 0.01953125 0.056010928961748634
0 0.982421875 0.5075136612021858 0.01953125 0.04234972677595628
0 0.63427734375 0.6297814207650273 0.0224609375 0.04371584699453552
0 0.66748046875 0.5286885245901639 0.0166015625 0.03551912568306011
0 0.73583984375 0.49453551912568305 0.0205078125 0.03825136612021858
0 0.6953125 0.46789617486338797 0.01953125 0.04234972677595628
0 0.7705078125 0.476775956284153 0.021484375 0.03825136612021858
0 0.8154296875 0.4371584699453552 0.021484375 0.040983606557377046
0 0.2509765625 0.6502732240437158 0.013671875 0.030054644808743168
0 0.28271484375 0.519808743169399 0.0185546875 0.03415300546448088
0 0.27001953125 0.6550546448087432 0.0166015625 0.028688524590163935
0 0.298828125 0.6646174863387978 0.015625 0.031420765027322405
0 0.31689453125 0.6523224043715847 0.0166015625 0.028688524590163935
0 0.35498046875 0.6550546448087432 0.0146484375 0.028688524590163935
0 0.37109375 0.6372950819672131 0.017578125 0.03961748633879782
0 0.40478515625 0.6502732240437158 0.0146484375 0.030054644808743168
0 0.46435546875 0.5184426229508197 0.0146484375 0.025956284153005466
0 0.47314453125 0.6379781420765027 0.0146484375 0.0273224043715847
0 0.498046875 0.6461748633879781 0.01953125 0.04371584699453552
0 0.533203125 0.6366120218579235 0.017578125 0.030054644808743168
0 0.55517578125 0.6372950819672131 0.0166015625 0.036885245901639344
0 0.611328125 0.5047814207650273 0.0234375 0.036885245901639344
0 0.5791015625 0.45081967213114754 0.017578125 0.030054644808743168
0 0.8525390625 0.3401639344262295 0.01953125 0.03278688524590164
0 0.951171875 0.2786885245901639 0.015625 0.0273224043715847
0 0.97705078125 0.2424863387978142 0.0146484375 0.03415300546448088
0 0.80810546875 0.23155737704918034 0.0166015625 0.025956284153005466
0 0.89208984375 0.45081967213114754 0.0224609375 0.04371584699453552
0 0.65673828125 0.4166666666666667 0.0205078125 0.04371584699453552
0 0.986328125 0.40095628415300544 0.01171875 0.023224043715846996
0 0.66943359375 0.3818306010928962 0.0224609375 0.036885245901639344
0 0.09716796875 0.6550546448087432 0.0146484375 0.031420765027322405
0 0.07177734375 0.662568306010929 0.0146484375 0.03278688524590164
0 0.185546875 0.8176229508196722 0.0234375 0.031420765027322405
0 0.11083984375 0.6284153005464481 0.0146484375 0.03278688524590164
0 0.1259765625 0.6133879781420765 0.009765625 0.02185792349726776
