0 0.228515625 0.5051470588235294 0.078125 0.11911764705882352
0 0.16064453125 0.23602941176470588 0.0634765625 0.10735294117647058
0 0.3642578125 0.2933823529411765 0.0546875 0.09852941176470588
0 0.390625 0.19705882352941176 0.044921875 0.07352941176470588
0 0.48291015625 0.5073529411764706 0.0615234375 0.10882352941176471
0 0.58447265625 0.638235294117647 0.0673828125 0.15588235294117647
0 0.81591796875 0.4279411764705882 0.0732421875 0.15294117647058825
0 0.93017578125 0.08602941176470588 0.0498046875 0.08676470588235294
0 0.78662109375 0.3235294117647059 0.0595703125 0.10294117647058823
0 0.51904296875 0.2389705882352941 0.0654296875 0.10441176470588236
0 0.66357421875 0.09485294117647058 0.0400390625 0.06911764705882353
0 0.75830078125 0.17720588235294119 0.0419921875 0.060294117647058824
0 0.65673828125 0.21323529411764705 0.0498046875 0.08235294117647059
0 0.74365234375 0.27647058823529413 0.0458984375 0.07352941176470588
0 0.0771484375 0.225 0.033203125 0.058823529411764705
0 0.4189453125 0.23161764705882354 0.0234375 0.039705882352941174
0 0.42529296875 0.2647058823529412 0.0205078125 0.03823529411764706
0 0.02197265625 0.24191176470588235 0.0283203125 0.045588235294117645
0 0.38037109375 0.1264705882352941 0.0146484375 0.01764705882352941
