0 0.708984375 0.10639880952380952 0.017578125 0.03125
0 0.79443359375 0.08928571428571427 0.0244140625 0.04464285714285714
0 0.40771484375 0.07217261904761904 0.0146484375 0.025297619047619048
0 0.3525390625 0.10267857142857142 0.01171875 0.017857142857142856
0 0.3154296875 0.07068452380952381 0.015625 0.025297619047619048
0 0.07373046875 0.058779761904761904 0.0166015625 0.03422619047619047
0 0.14013671875 0.07217261904761904 0.0224609375 0.043154761904761904
0 0.1796875 0.0625 0.0234375 0.03869047619047619
0 0.2236328125 0.043154761904761904 0.015625 0.026785714285714284
0 0.2470703125 0.06696428571428571 0.0234375 0.03273809523809523
0 0.02392578125 0.03720238095238095 0.0068359375 0.011904761904761904
0 0.0400390625 0.050595238095238096 0.0078125 0.011904761904761904
0 0.1103515625 0.07068452380952381 0.015625 0.025297619047619048
0 0.6396484375 0.07514880952380952 0.009765625 0.016369047619047616
0 0.767578125 0.13541666666666666 0.005859375 0.01488095238095238
0 0.75830078125 0.10714285714285714 0.0087890625 0.01488095238095238
0 0.74072265625 0.10863095238095237 0.0068359375 0.011904761904761904
0 0.7294921875 0.10267857142857142 0.009765625 0.017857142857142856
0 0.3876953125 0.390625 0.03515625 0.049107142857142856
0 0.53173828125 0.26339285714285715 0.0322265625 0.05654761904761904
0 0.447265625 0.0744047619047619 0.0234375 0.03869047619047619
0 0.515625 0.09523809523809523 0.013671875 0.023809523809523808
0 0.54248046875 0.11160714285714285 0.0146484375 0.023809523809523808
0 0.58056640625 0.07738095238095238 0.0166015625 0.03571428571428571
0 0.64697265625 0.11904761904761904 0.0126953125 0.026785714285714284
0 0.68603515625 0.11309523809523808 0.0146484375 0.02976190476190476
0 0.0068359375 0.016369047619047616 0.01171875 0.017857142857142856
0 0.55126953125 0.09300595238095237 0.0107421875 0.019345238095238096
0 0.56298828125 0.07589285714285714 0.0146484375 0.023809523809523808
0 0.82470703125 0.09970238095238095 0.0185546875 0.026785714285714284
0 0.4267578125 0.08333333333333333 0.009765625 0.020833333333333332
0 0.3720703125 0.06770833333333333 0.015625 0.025297619047619048
0 0.3515625 0.06547619047619047 0.01953125 0.020833333333333332
0 0.498046875 0.10342261904761904 0.005859375 0.010416666666666666
0 0.15234375 0.06845238095238095 0.009765625 0.017857142857142856
0 0.34912109375 0.08705357142857142 0.0087890625 0.010416666666666666
0 0.34130859375 0.10267857142857142 0.0068359375 0.011904761904761904
0 0.33544921875 0.09077380952380952 0.0048828125 0.011904761904761904
