0 0.6796875 0.45095168374816985 0.037109375 0.05856515373352855
0 0.078125 0.13250366032210836 0.025390625 0.04538799414348463
0 0.1650390625 0.13323572474377746 0.021484375 0.040995607613469986
0 0.2646484375 0.1486090775988287 0.0234375 0.0424597364568082
0 0.310546875 0.2642752562225476 0.0078125 0.016105417276720352
0 0.2021484375 0.12152269399707175 0.00390625 0.008784773060029283
0 0.2314453125 0.13323572474377746 0.00390625 0.008784773060029283
0 0.2255859375 0.1266471449487555 0.00390625 0.007320644216691069
0 0.19580078125 0.11932650073206442 0.0048828125 0.010248901903367497
0 0.29833984375 0.1376281112737921 0.0048828125 0.008784773060029283
0 0.2890625 0.13177159590043924 0.00390625 0.01171303074670571
0 0.28125 0.12152269399707175 0.00390625 0.008784773060029283
0 0.3134765625 0.1054172767203514 0.005859375 0.008784773060029283
0 0.31787109375 0.09004392386530015 0.0048828125 0.007320644216691069
0 0.36328125 0.09150805270863836 0.00390625 0.010248901903367497
0 0.376953125 0.23060029282576866 0.00390625 0.007320644216691069
0 0.3359375 0.22327964860907762 0.005859375 0.010248901903367497
0 0.23193359375 0.12005856515373353 0.0048828125 0.008784773060029283
