0 0.13720703125 0.35909090909090907 0.0400390625 0.11818181818181818
0 0.22021484375 0.3818181818181818 0.0419921875 0.11818181818181818
0 0.3076171875 0.3568181818181818 0.04296875 0.12272727272727273
0 0.38330078125 0.2863636363636364 0.0361328125 0.11363636363636363
0 0.43310546875 0.40795454545454546 0.0380859375 0.10681818181818181
0 0.51953125 0.4113636363636363 0.03515625 0.09999999999999999
0 0.5556640625 0.3136363636363636 0.03125 0.08636363636363636
0 0.6044921875 0.3931818181818182 0.041015625 0.10909090909090909
0 0.6826171875 0.3090909090909091 0.041015625 0.11363636363636363
0 0.76904296875 0.33409090909090905 0.0439453125 0.12272727272727273
0 0.880859375 0.3852272727272727 0.044921875 0.125
