0 0.21875 0.3292349726775956 0.06640625 0.12021857923497267
0 0.369140625 0.37158469945355194 0.068359375 0.12568306010928962
0 0.505859375 0.2520491803278688 0.078125 0.1325136612021858
0 0.41357421875 0.1755464480874317 0.0654296875 0.11612021857923498
0 0.05908203125 0.049863387978142076 0.0615234375 0.09699453551912568
0 0.1826171875 0.11270491803278689 0.0546875 0.09153005464480875
0 0.30029296875 0.14685792349726776 0.0693359375 0.1051912568306011
0 0.56298828125 0.23633879781420766 0.0478515625 0.10382513661202186
0 0.71728515625 0.27527322404371585 0.0673828125 0.12431693989071038
0 0.85205078125 0.29918032786885246 0.0615234375 0.10109289617486339
0 0.9912109375 0.29098360655737704 0.015625 0.11748633879781421
0 0.07421875 0.3046448087431694 0.0625 0.11202185792349727
