0 0.15283203125 0.4161290322580645 0.0595703125 0.14838709677419354
0 0.20361328125 0.34919354838709676 0.0498046875 0.10483870967741936
0 0.2802734375 0.4532258064516129 0.05859375 0.13225806451612904
0 0.3330078125 0.38548387096774195 0.048828125 0.10967741935483871
0 0.380859375 0.3588709677419355 0.044921875 0.10161290322580645
0 0.38671875 0.5725806451612904 0.060546875 0.13870967741935483
0 0.443359375 0.44193548387096776 0.052734375 0.1064516129032258
0 0.4560546875 0.5548387096774193 0.05859375 0.13225806451612904
0 0.4853515625 0.3790322580645161 0.041015625 0.0967741935483871
0 0.580078125 0.5129032258064516 0.0546875 0.13225806451612904
0 0.5751953125 0.3548387096774194 0.041015625 0.0967741935483871
0 0.6552734375 0.40483870967741936 0.05078125 0.11290322580645161
0 0.7109375 0.575 0.05078125 0.11129032258064517
0 0.84521484375 0.43709677419354837 0.0556640625 0.11290322580645161
