0 0.1220703125 0.6842857142857143 0.08203125 0.16
0 0.447265625 0.43714285714285717 0.103515625 0.19142857142857142
0 0.5693359375 0.3457142857142857 0.0859375 0.1457142857142857
0 0.7744140625 0.3871428571428571 0.09375 0.15428571428571428
0 0.8017578125 0.6585714285714286 0.078125 0.14285714285714285
0 0.849609375 0.15285714285714286 0.068359375 0.15428571428571428
0 0.69921875 0.2 0.068359375 0.13428571428571429
0 0.51953125 0.10428571428571429 0.068359375 0.12571428571428572
0 0.4052734375 0.19 0.07421875 0.14857142857142858
0 0.287109375 0.21142857142857144 0.064453125 0.13428571428571429
0 0.22265625 0.3985714285714286 0.068359375 0.13714285714285715
