0 0.037109375 0.4438040345821325 0.017578125 0.05763688760806916
0 0.35546875 0.2031700288184438 0.044921875 0.15273775216138327
0 0.25634765625 0.6123919308357348 0.0166015625 0.10662824207492795
0 0.29248046875 0.6829971181556196 0.0107421875 0.034582132564841495
0 0.3154296875 0.6988472622478386 0.01171875 0.04899135446685879
0 0.328125 0.6657060518731988 0.01171875 0.02881844380403458
0 0.3544921875 0.6844380403458212 0.009765625 0.037463976945244955
0 0.3896484375 0.6930835734870316 0.009765625 0.037463976945244955
0 0.42626953125 0.6527377521613832 0.0107421875 0.04322766570605187
0 0.470703125 0.6239193083573487 0.015625 0.04899135446685879
0 0.90576171875 0.24495677233429394 0.0185546875 0.08645533141210374
