0 0.9599609375 0.07007299270072992 0.025390625 0.06715328467153284
0 0.208984375 0.3014598540145985 0.044921875 0.07445255474452554
0 0.6318359375 0.2145985401459854 0.041015625 0.10218978102189781
0 0.642578125 0.05401459854014598 0.009765625 0.03503649635036496
0 0.48779296875 0.09343065693430656 0.0205078125 0.040875912408759124
0 0.56787109375 0.1072992700729927 0.0107421875 0.02773722627737226
0 0.70068359375 0.14671532846715327 0.0283203125 0.05401459854014598
0 0.8173828125 0.07445255474452554 0.01953125 0.049635036496350364
0 0.75 0.02408759124087591 0.01171875 0.02773722627737226
0 0.9052734375 0.02116788321167883 0.015625 0.04233576642335766
0 0.68310546875 0.02408759124087591 0.0107421875 0.024817518248175182
0 0.37548828125 0.24160583941605837 0.0400390625 0.07153284671532846
0 0.44189453125 0.3 0.1220703125 0.22043795620437956
0 0.173828125 0.39124087591240875 0.0390625 0.10510948905109488
0 0.05908203125 0.2627737226277372 0.0244140625 0.0437956204379562
0 0.17626953125 0.1970802919708029 0.0205078125 0.049635036496350364
0 0.24951171875 0.19999999999999998 0.0224609375 0.05547445255474452
0 0.77734375 0.03576642335766423 0.017578125 0.03941605839416058
