0 0.95166015625 0.7365107913669066 0.0224609375 0.048561151079136694
0 0.98876953125 0.6537769784172662 0.0185546875 0.052158273381294966
0 0.97509765625 0.5926258992805755 0.0224609375 0.052158273381294966
0 0.9599609375 0.5296762589928058 0.01953125 0.04496402877697842
0 0.99560546875 0.4649280575539569 0.0068359375 0.048561151079136694
0 0.939453125 0.47482014388489213 0.01953125 0.046762589928057555
0 0.86865234375 0.75 0.0224609375 0.053956834532374105
0 0.89990234375 0.6600719424460432 0.0224609375 0.053956834532374105
0 0.900390625 0.6061151079136691 0.0234375 0.046762589928057555
0 0.8779296875 0.5215827338129496 0.0234375 0.053956834532374105
0 0.86572265625 0.5008992805755396 0.0205078125 0.04496402877697842
0 0.8837890625 0.42266187050359716 0.021484375 0.05035971223021583
0 0.841796875 0.670863309352518 0.0234375 0.046762589928057555
0 0.79150390625 0.7212230215827339 0.0244140625 0.046762589928057555
0 0.77099609375 0.6591726618705036 0.0244140625 0.05575539568345324
0 0.8203125 0.6070143884892086 0.025390625 0.04496402877697842
0 0.79736328125 0.5278776978417267 0.0205078125 0.052158273381294966
0 0.80224609375 0.49010791366906475 0.0185546875 0.04136690647482014
0 0.78955078125 0.4352517985611511 0.0224609375 0.05035971223021583
0 0.77001953125 0.38848920863309355 0.0224609375 0.046762589928057555
0 0.7265625 0.6879496402877698 0.025390625 0.052158273381294966
0 0.75 0.5845323741007195 0.021484375 0.05035971223021583
0 0.6943359375 0.6294964028776979 0.025390625 0.05755395683453238
0 0.7216796875 0.5620503597122303 0.021484375 0.04136690647482014
0 0.7412109375 0.5197841726618705 0.01953125 0.05035971223021583
0 0.7294921875 0.4631294964028777 0.01953125 0.04136690647482014
0 0.67333984375 0.5503597122302158 0.0224609375 0.053956834532374105
0 0.63330078125 0.7176258992805756 0.0244140625 0.05035971223021583
0 0.61572265625 0.6061151079136691 0.0244140625 0.05755395683453238
0 0.6435546875 0.5386690647482014 0.021484375 0.04496402877697842
0 0.671875 0.4973021582733813 0.0234375 0.04496402877697842
0 0.65478515625 0.3866906474820144 0.0205078125 0.05755395683453238
0 0.63427734375 0.38848920863309355 0.0224609375 0.046762589928057555
0 0.97900390625 0.3300359712230216 0.0205078125 0.048561151079136694
0 0.90625 0.3534172661870504 0.01953125 0.048561151079136694
0 0.88671875 0.35611510791366907 0.01953125 0.04316546762589928
0 0.81689453125 0.34802158273381295 0.0224609375 0.03776978417266187
0 0.70751953125 0.3588129496402878 0.0205078125 0.048561151079136694
0 0.75 0.341726618705036 0.01953125 0.04316546762589928
0 0.5966796875 0.5557553956834532 0.0234375 0.053956834532374105
0 0.6005859375 0.4802158273381295 0.021484375 0.02877697841726619
0 0.54931640625 0.7670863309352518 0.0205078125 0.048561151079136694
0 0.51123046875 0.7841726618705036 0.0361328125 0.08992805755395684
0 0.5283203125 0.6285971223021583 0.0234375 0.05575539568345324
0 0.5439453125 0.6285971223021583 0.013671875 0.04496402877697842
0 0.5654296875 0.5377697841726619 0.021484375 0.05035971223021583
0 0.533203125 0.5044964028776978 0.021484375 0.048561151079136694
0 0.578125 0.41187050359712235 0.021484375 0.046762589928057555
0 0.56689453125 0.3830935251798561 0.0205078125 0.03956834532374101
0 0.5224609375 0.39928057553956836 0.021484375 0.046762589928057555
0 0.46484375 0.7652877697841727 0.021484375 0.048561151079136694
0 0.3955078125 0.7491007194244604 0.021484375 0.052158273381294966
0 0.4462890625 0.6429856115107914 0.025390625 0.059352517985611516
0 0.4521484375 0.5656474820143885 0.0234375 0.052158273381294966
0 0.48095703125 0.49010791366906475 0.0244140625 0.052158273381294966
0 0.45849609375 0.47302158273381295 0.0205078125 0.053956834532374105
0 0.44677734375 0.4199640287769784 0.0205078125 0.048561151079136694
0 0.3828125 0.6636690647482014 0.01953125 0.05035971223021583
0 0.39404296875 0.5296762589928058 0.0185546875 0.052158273381294966
0 0.36083984375 0.552158273381295 0.0224609375 0.06115107913669065
0 0.39453125 0.4694244604316547 0.021484375 0.05035971223021583
0 0.38232421875 0.38219424460431656 0.0205078125 0.052158273381294966
0 0.34228515625 0.3705035971223022 0.0205078125 0.04316546762589928
0 0.3095703125 0.7275179856115108 0.0234375 0.048561151079136694
0 0.3173828125 0.6654676258992807 0.0234375 0.053956834532374105
0 0.314453125 0.533273381294964 0.0234375 0.048561151079136694
0 0.26513671875 0.558453237410072 0.0224609375 0.048561151079136694
0 0.318359375 0.4802158273381295 0.021484375 0.04316546762589928
0 0.3154296875 0.41097122302158273 0.021484375 0.048561151079136694
0 0.23388671875 0.7050359712230216 0.0263671875 0.06115107913669065
0 0.248046875 0.6906474820143885 0.01953125 0.046762589928057555
0 0.23388671875 0.552158273381295 0.0224609375 0.05755395683453238
0 0.2451171875 0.47931654676258995 0.0234375 0.052158273381294966
0 0.2529296875 0.4442446043165468 0.021484375 0.03956834532374101
0 0.255859375 0.37140287769784175 0.021484375 0.04496402877697842
0 0.19091796875 0.37769784172661874 0.0244140625 0.046762589928057555
0 0.1748046875 0.40557553956834536 0.021484375 0.04136690647482014
0 0.17333984375 0.454136690647482 0.0244140625 0.052158273381294966
0 0.16259765625 0.5530575539568345 0.0205078125 0.04496402877697842
0 0.1796875 0.6151079136690648 0.021484375 0.046762589928057555
0 0.16845703125 0.6780575539568345 0.0224609375 0.05035971223021583
0 0.158203125 0.7616906474820144 0.0234375 0.05575539568345324
0 0.07568359375 0.6987410071942446 0.0224609375 0.059352517985611516
0 0.087890625 0.6699640287769785 0.0234375 0.059352517985611516
0 0.109375 0.5665467625899281 0.0234375 0.053956834532374105
0 0.10400390625 0.5287769784172662 0.0224609375 0.046762589928057555
0 0.1103515625 0.4172661870503597 0.021484375 0.05035971223021583
0 0.12158203125 0.3732014388489209 0.0205078125 0.04136690647482014
0 0.0078125 0.6447841726618705 0.015625 0.052158273381294966
0 0.0185546875 0.5359712230215827 0.0234375 0.053956834532374105
0 0.029296875 0.46223021582733814 0.0234375 0.053956834532374105
0 0.0361328125 0.4235611510791367 0.01953125 0.03776978417266187
0 0.04736328125 0.35611510791366907 0.0224609375 0.03956834532374101
