0 0.130859375 0.41388400702987693 0.015625 0.040421792618629174
0 0.16650390625 0.4059753954305799 0.0185546875 0.045694200351493845
0 0.25830078125 0.4059753954305799 0.0185546875 0.05272407732864674
0 0.28466796875 0.4156414762741652 0.0166015625 0.04745166959578207
0 0.81005859375 0.3963093145869947 0.0322265625 0.06502636203866433
0 0.73291015625 0.36643233743409487 0.0302734375 0.06151142355008787
0 0.66552734375 0.3954305799648506 0.0283203125 0.0492091388400703
0 0.6357421875 0.36379613356766255 0.02734375 0.05975395430579965
0 0.56103515625 0.4050966608084358 0.0283203125 0.06151142355008787
0 0.56787109375 0.33567662565905093 0.0263671875 0.056239015817223195
0 0.50341796875 0.398945518453427 0.0322265625 0.0632688927943761
0 0.4677734375 0.3409490333919156 0.02734375 0.05975395430579965
0 0.40869140625 0.37170474516695956 0.0263671875 0.05448154657293497
0 0.34033203125 0.37697715289982425 0.0283203125 0.06151142355008787
