0 0.08935546875 0.4407894736842105 0.0205078125 0.039473684210526314
0 0.1142578125 0.4451754385964912 0.017578125 0.033625730994152045
0 0.181640625 0.445906432748538 0.015625 0.03216374269005848
0 0.2099609375 0.44883040935672514 0.017578125 0.029239766081871343
0 0.24267578125 0.46929824561403505 0.0185546875 0.03508771929824561
0 0.26025390625 0.4305555555555555 0.0205078125 0.039473684210526314
0 0.291015625 0.45614035087719296 0.013671875 0.02631578947368421
0 0.3369140625 0.4495614035087719 0.01953125 0.03070175438596491
0 0.451171875 0.43859649122807015 0.015625 0.04093567251461988
0 0.498046875 0.4605263157894737 0.015625 0.03508771929824561
0 0.51416015625 0.4495614035087719 0.0146484375 0.027777777777777776
0 0.56201171875 0.4159356725146199 0.0185546875 0.05116959064327485
0 0.587890625 0.42909356725146197 0.01953125 0.039473684210526314
0 0.6572265625 0.4261695906432748 0.021484375 0.04239766081871345
0 0.7158203125 0.4159356725146199 0.01953125 0.03654970760233918
0 0.7236328125 0.4298245614035088 0.015625 0.038011695906432746
0 0.75634765625 0.46637426900584794 0.0205078125 0.043859649122807015
0 0.73681640625 0.5409356725146198 0.0205078125 0.043859649122807015
0 0.8056640625 0.4305555555555555 0.021484375 0.039473684210526314
0 0.7978515625 0.540204678362573 0.025390625 0.04532163742690058
0 0.85205078125 0.43859649122807015 0.0166015625 0.03216374269005848
0 0.87060546875 0.39766081871345027 0.0302734375 0.05263157894736842
0 0.92236328125 0.4327485380116959 0.0205078125 0.03216374269005848
0 0.9462890625 0.4407894736842105 0.015625 0.039473684210526314
0 0.97412109375 0.35891812865497075 0.0126953125 0.06286549707602339
