0 0.130859375 0.384765625 0.0390625 0.06901041666666666
0 0.2568359375 0.3977864583333333 0.037109375 0.06380208333333333
0 0.34716796875 0.41796875 0.0380859375 0.0546875
0 0.439453125 0.4173177083333333 0.03515625 0.05598958333333333
0 0.51708984375 0.42643229166666663 0.0283203125 0.05078125
0 0.5634765625 0.4095052083333333 0.02734375 0.04296875
0 0.61328125 0.42578125 0.03125 0.0546875
0 0.6796875 0.4114583333333333 0.029296875 0.046875
0 0.78076171875 0.4134114583333333 0.0361328125 0.04296875
0 0.85888671875 0.3958333333333333 0.0341796875 0.046875
