0 0.11865234375 0.4421944035346097 0.0634765625 0.05670103092783505
0 0.150390625 0.42415316642120765 0.068359375 0.05891016200294551
0 0.283203125 0.4322533136966127 0.05078125 0.050073637702503684
0 0.3330078125 0.4340942562592047 0.056640625 0.04344624447717231
0 0.4111328125 0.4528718703976436 0.046875 0.05154639175257732
0 0.5126953125 0.4455081001472754 0.05078125 0.053019145802650956
0 0.6220703125 0.4149484536082474 0.056640625 0.05522827687776141
0 0.81103515625 0.4016936671575847 0.0576171875 0.05522827687776141
0 0.8359375 0.4259941089837997 0.046875 0.05522827687776141
0 0.958984375 0.4421944035346097 0.0546875 0.04491899852724595
