0 0.12158203125 0.375 0.0615234375 0.046610169491525424
0 0.21923828125 0.4036016949152542 0.0517578125 0.03884180790960452
0 0.3193359375 0.4163135593220339 0.03125 0.021892655367231638
0 0.39111328125 0.3693502824858757 0.0439453125 0.04096045197740113
0 0.49072265625 0.4138418079096045 0.0634765625 0.04943502824858757
0 0.57421875 0.3629943502824859 0.0390625 0.029661016949152543
0 0.662109375 0.3605225988700565 0.048828125 0.03884180790960452
0 0.8515625 0.3651129943502825 0.05078125 0.05367231638418079
0 0.93310546875 0.3665254237288136 0.0341796875 0.029661016949152543
0 0.974609375 0.3873587570621469 0.01953125 0.019067796610169493
0 0.8125 0.3880649717514124 0.029296875 0.024717514124293787
