0 0.57275390625 0.37776332899869963 0.0322265625 0.0611183355006502
0 0.123046875 0.21196358907672302 0.01953125 0.033810143042912875
0 0.02587890625 0.21326397919375814 0.0087890625 0.02080624187256177
0 0.052734375 0.18725617685305593 0.015625 0.02340702210663199
0 0.05419921875 0.3081924577373212 0.0185546875 0.033810143042912875
0 0.09619140625 0.3081924577373212 0.0205078125 0.031209362808842653
0 0.14990234375 0.31014304291287387 0.0244140625 0.0377113133940182
0 0.15380859375 0.3719115734720416 0.0263671875 0.031209362808842653
0 0.236328125 0.3647594278283485 0.021484375 0.035110533159947985
0 0.14501953125 0.20026007802340703 0.0166015625 0.02860858257477243
0 0.21142578125 0.2106631989596879 0.0126953125 0.02860858257477243
0 0.2705078125 0.20611183355006502 0.0234375 0.035110533159947985
0 0.31787109375 0.21261378413524057 0.0146484375 0.029908972691807544
0 0.33935546875 0.22106631989596878 0.0185546875 0.02860858257477243
0 0.24609375 0.21261378413524057 0.005859375 0.011703511053315995
0 0.22314453125 0.2483745123537061 0.0087890625 0.010403120936280884
0 0.03369140625 0.33224967490247076 0.0263671875 0.04031209362808843
0 0.357421875 0.20611183355006502 0.015625 0.0247074122236671
0 0.38916015625 0.21456436931079323 0.0166015625 0.02860858257477243
0 0.48193359375 0.17815344603381014 0.0322265625 0.05981794538361509
0 0.58642578125 0.20026007802340703 0.0224609375 0.031209362808842653
0 0.6025390625 0.24317295188556567 0.0234375 0.036410923276983094
0 0.63720703125 0.2542262678803641 0.0224609375 0.0247074122236671
0 0.65283203125 0.19375812743823148 0.0107421875 0.031209362808842653
0 0.69091796875 0.2080624187256177 0.0107421875 0.031209362808842653
0 0.43798828125 0.21391417425227569 0.0068359375 0.01950585175552666
0 0.75537109375 0.2776332899869961 0.0146484375 0.022106631989596878
0 0.82763671875 0.25812743823146944 0.0361328125 0.05851755526657997
0 0.921875 0.2067620286085826 0.033203125 0.05981794538361509
