0 0.2548828125 0.0941908713692946 0.14453125 0.12697095435684647
0 0.0888671875 0.2053941908713693 0.060546875 0.05726141078838174
0 0.86865234375 0.20829875518672197 0.0595703125 0.054771784232365145
0 0.80126953125 0.16721991701244812 0.0478515625 0.04730290456431535
0 0.845703125 0.13029045643153528 0.015625 0.023236514522821577
0 0.78173828125 0.11950207468879667 0.0244140625 0.024896265560165973
0 0.58154296875 0.14066390041493776 0.0166015625 0.024066390041493774
0 0.54833984375 0.12489626556016598 0.0185546875 0.022406639004149378
0 0.94677734375 0.13236514522821577 0.0322265625 0.03402489626556016
0 0.98974609375 0.14273858921161825 0.0185546875 0.028215767634854772
