0 0.0126953125 0.1388888888888889 0.02734375 0.07602339181286549
0 0.08203125 0.141812865497076 0.037109375 0.05555555555555555
0 0.1767578125 0.1600877192982456 0.04296875 0.06871345029239766
0 0.23681640625 0.13450292397660818 0.0380859375 0.05847953216374269
0 0.24609375 0.3428362573099415 0.076171875 0.14766081871345027
0 0.4658203125 0.16520467836257308 0.078125 0.17251461988304093
0 0.6630859375 0.26169590643274854 0.05859375 0.14327485380116958
0 0.80322265625 0.07163742690058479 0.0537109375 0.0847953216374269
0 0.59375 0.17543859649122806 0.046875 0.07894736842105263
0 0.68505859375 0.10307017543859648 0.0400390625 0.06578947368421052
0 0.736328125 0.16374269005847952 0.044921875 0.06140350877192982
0 0.8955078125 0.10014619883040934 0.04296875 0.06286549707602339
0 0.95263671875 0.10891812865497075 0.0302734375 0.04532163742690058
0 0.990234375 0.07529239766081872 0.015625 0.09210526315789473
0 0.40966796875 0.1381578947368421 0.0322265625 0.054093567251461985
