0 0.025390625 0.28292682926829266 0.02734375 0.041463414634146344
0 0.11474609375 0.2621951219512195 0.0224609375 0.03414634146341464
0 0.1630859375 0.2225609756097561 0.021484375 0.03536585365853658
0 0.18408203125 0.22134146341463415 0.0166015625 0.03048780487804878
0 0.08642578125 0.21158536585365853 0.0146484375 0.018292682926829267
0 0.05810546875 0.2426829268292683 0.0166015625 0.026829268292682926
0 0.0693359375 0.24329268292682926 0.009765625 0.025609756097560974
0 0.1455078125 0.21280487804878048 0.009765625 0.020731707317073172
0 0.14404296875 0.29573170731707316 0.0439453125 0.05731707317073171
0 0.203125 0.3152439024390244 0.03515625 0.0475609756097561
0 0.2255859375 0.2646341463414634 0.021484375 0.036585365853658534
0 0.337890625 0.2628048780487805 0.046875 0.07682926829268293
0 0.40478515625 0.2969512195121951 0.0302734375 0.054878048780487805
0 0.47705078125 0.31341463414634146 0.0126953125 0.026829268292682926
0 0.51953125 0.29085365853658535 0.0234375 0.03780487804878049
0 0.5673828125 0.27195121951219514 0.046875 0.08048780487804878
0 0.52197265625 0.44878048780487806 0.0634765625 0.09268292682926829
0 0.07421875 0.47560975609756095 0.02734375 0.041463414634146344
0 0.6357421875 0.36646341463414633 0.044921875 0.08170731707317073
0 0.82568359375 0.3951219512195122 0.0439453125 0.09024390243902439
0 0.6533203125 0.2701219512195122 0.029296875 0.05731707317073171
0 0.68896484375 0.2121951219512195 0.0185546875 0.03414634146341464
0 0.84033203125 0.3475609756097561 0.0380859375 0.06097560975609756
0 0.8330078125 0.29024390243902437 0.037109375 0.04390243902439024
0 0.95263671875 0.3823170731707317 0.0419921875 0.07926829268292683
0 0.9677734375 0.31341463414634146 0.03515625 0.05121951219512195
0 0.84912109375 0.8079268292682927 0.0654296875 0.09390243902439024
0 0.8125 0.7128048780487805 0.05078125 0.0524390243902439
0 0.0068359375 0.2573170731707317 0.015625 0.03414634146341464
0 0.11328125 0.23597560975609755 0.01953125 0.02804878048780488
0 0.29443359375 0.31402439024390244 0.0205078125 0.03780487804878049
0 0.49609375 0.18414634146341463 0.005859375 0.007317073170731707
