0 0.1923828125 0.33471645919778703 0.025390625 0.03319502074688797
0 0.07666015625 0.34439834024896265 0.0205078125 0.022130013831258646
0 0.17529296875 0.343015214384509 0.0166015625 0.022130013831258646
0 0.341796875 0.26625172890733056 0.03125 0.05394190871369295
0 0.26513671875 0.28907330567081607 0.0283203125 0.058091286307053944
0 0.42724609375 0.3381742738589212 0.0224609375 0.042876901798063624
1 0.45751953125 0.2876901798063624 0.0380859375 0.06362378976486861
0 0.51806640625 0.3215767634854772 0.0244140625 0.048409405255878286
0 0.619140625 0.15767634854771784 0.044921875 0.08575380359612725
0 0.830078125 0.27109266943291843 0.0390625 0.049792531120331954
0 0.77197265625 0.343015214384509 0.0322265625 0.041493775933609964
0 0.990234375 0.3699861687413555 0.017578125 0.029045643153526972
