0 0.197265625 0.3333333333333333 0.025390625 0.0625
0 0.28173828125 0.3177083333333333 0.0244140625 0.05555555555555555
0 0.2275390625 0.47482638888888884 0.025390625 0.057291666666666664
0 0.14697265625 0.49826388888888884 0.0224609375 0.059027777777777776
0 0.259765625 0.3897569444444444 0.021484375 0.05034722222222222
0 0.2021484375 0.4019097222222222 0.021484375 0.05381944444444444
0 0.2314453125 0.4296875 0.025390625 0.06076388888888889
0 0.33740234375 0.3802083333333333 0.0244140625 0.059027777777777776
0 0.296875 0.5052083333333333 0.0234375 0.05208333333333333
0 0.3759765625 0.44184027777777773 0.025390625 0.06076388888888889
0 0.5263671875 0.4149305555555555 0.02734375 0.06944444444444445
0 0.41943359375 0.3958333333333333 0.0224609375 0.05208333333333333
0 0.37109375 0.3289930555555555 0.0234375 0.057291666666666664
0 0.44580078125 0.3532986111111111 0.0185546875 0.05381944444444444
0 0.52392578125 0.3194444444444444 0.0244140625 0.05208333333333333
0 0.7958984375 0.390625 0.0234375 0.048611111111111105
0 0.76708984375 0.3220486111111111 0.0263671875 0.057291666666666664
0 0.68603515625 0.3394097222222222 0.0244140625 0.057291666666666664
0 0.71923828125 0.42621527777777773 0.0244140625 0.05034722222222222
0 0.7373046875 0.4817708333333333 0.02734375 0.05381944444444444
0 0.64501953125 0.44357638888888884 0.0224609375 0.0642361111111111
0 0.5771484375 0.39496527777777773 0.025390625 0.06770833333333333
0 0.61083984375 0.3376736111111111 0.0244140625 0.057291666666666664
0 0.5087890625 0.3984375 0.025390625 0.046875
0 0.64208984375 0.41840277777777773 0.0205078125 0.048611111111111105
