0 0.0478515625 0.898835516739447 0.09375 0.07423580786026202
0 0.02978515625 0.6528384279475983 0.0615234375 0.08005822416302766
0 0.021484375 0.4519650655021834 0.044921875 0.06259097525473072
0 0.2470703125 0.9068413391557497 0.08203125 0.06404657933042213
0 0.189453125 0.6703056768558953 0.064453125 0.07714701601164484
0 0.1396484375 0.4519650655021834 0.05859375 0.08005822416302766
0 0.1083984375 0.2889374090247453 0.05859375 0.05094614264919942
0 0.2001953125 0.16229985443959244 0.046875 0.056768558951965066
0 0.24658203125 0.2991266375545852 0.0517578125 0.06550218340611354
0 0.37353515625 0.314410480349345 0.0517578125 0.06695778748180495
0 0.31591796875 0.1841339155749636 0.0458984375 0.07714701601164484
0 0.5029296875 0.05749636098981077 0.041015625 0.07423580786026202
0 0.3935546875 0.06695778748180495 0.044921875 0.07860262008733625
0 0.275390625 0.06259097525473072 0.041015625 0.06695778748180495
0 0.61474609375 0.06695778748180495 0.0400390625 0.061135371179039305
0 0.724609375 0.06331877729257643 0.03515625 0.059679767103347894
0 0.8125 0.16229985443959244 0.048828125 0.06259097525473072
0 0.68701171875 0.16812227074235808 0.0458984375 0.048034934497816595
0 0.568359375 0.16666666666666669 0.044921875 0.059679767103347894
0 0.64599609375 0.2903930131004367 0.0556640625 0.06841339155749636
0 0.94287109375 0.15283842794759825 0.0498046875 0.049490538573508006
0 0.92236328125 0.2889374090247453 0.0537109375 0.06259097525473072
0 0.78759765625 0.31077147016011647 0.0556640625 0.06550218340611354
0 0.51806640625 0.29621542940320233 0.0458984375 0.059679767103347894
0 0.44970703125 0.16885007278020378 0.0458984375 0.07569141193595343
0 0.89306640625 0.4388646288209607 0.0517578125 0.06841339155749636
0 0.865234375 0.653566229985444 0.06640625 0.06695778748180495
0 0.7060546875 0.6448326055312955 0.0625 0.06404657933042213
0 0.74609375 0.45414847161572053 0.05859375 0.06695778748180495
0 0.5966796875 0.4468704512372635 0.05859375 0.061135371179039305
0 0.53173828125 0.6557496360989811 0.0654296875 0.0713245997088792
0 0.44873046875 0.450509461426492 0.0537109375 0.056768558951965066
0 0.30029296875 0.46652110625909754 0.0595703125 0.07714701601164484
0 0.3623046875 0.6637554585152838 0.068359375 0.07569141193595343
0 0.81787109375 0.9097525473071325 0.0712890625 0.055312954876273655
0 0.63330078125 0.9366812227074236 0.0654296875 0.059679767103347894
0 0.44873046875 0.9097525473071325 0.0810546875 0.06695778748180495
