0 0.232421875 0.14682139253279516 0.037109375 0.04742684157416751
0 0.35205078125 0.24167507568113017 0.0341796875 0.05348133198789102
0 0.22900390625 0.28910191725529766 0.0400390625 0.05348133198789102
0 0.3095703125 0.3385469223007064 0.03515625 0.05348133198789102
0 0.36962890625 0.37991927346115034 0.0400390625 0.05751765893037336
0 0.46533203125 0.4041372351160444 0.0419921875 0.05549949545913219
0 0.62451171875 0.2512613521695257 0.0322265625 0.034308779011099896
0 0.6708984375 0.4843592330978809 0.041015625 0.056508577194752774
0 0.61181640625 0.46316851664984865 0.0341796875 0.056508577194752774
0 0.5625 0.48890010090817354 0.03515625 0.05348133198789102
