0 0.712890625 0.244140625 0.173828125 0.2981770833333333
0 0.46728515625 0.146484375 0.0966796875 0.13932291666666666
0 0.49609375 0.7513020833333333 0.029296875 0.049479166666666664
0 0.19091796875 0.7727864583333333 0.0146484375 0.022135416666666664
0 0.17822265625 0.7434895833333333 0.0087890625 0.015625
0 0.20458984375 0.75390625 0.0087890625 0.015625
0 0.26171875 0.7819010416666666 0.0078125 0.016927083333333332
0 0.359375 0.7291666666666666 0.013671875 0.0234375
0 0.26953125 0.7096354166666666 0.0078125 0.015625
0 0.24609375 0.724609375 0.0078125 0.014322916666666666
0 0.0283203125 0.7317708333333333 0.01953125 0.026041666666666664
0 0.154296875 0.7799479166666666 0.0078125 0.013020833333333332
0 0.423828125 0.7623697916666666 0.009765625 0.016927083333333332
0 0.19384765625 0.7174479166666666 0.0068359375 0.015625
0 0.17138671875 0.8216145833333333 0.0087890625 0.018229166666666664
0 0.16162109375 0.806640625 0.0087890625 0.016927083333333332
0 0.251953125 0.7473958333333333 0.009765625 0.015625
0 0.2275390625 0.7174479166666666 0.0078125 0.015625
0 0.22998046875 0.765625 0.0087890625 0.010416666666666666
0 0.26708984375 0.81640625 0.0087890625 0.015625
0 0.2890625 0.7311197916666666 0.0078125 0.014322916666666666
0 0.18798828125 0.708984375 0.0087890625 0.016927083333333332
0 0.1689453125 0.7252604166666666 0.009765625 0.018229166666666664
0 0.22998046875 0.8157552083333333 0.0107421875 0.016927083333333332
0 0.29052734375 0.7845052083333333 0.0048828125 0.01171875
0 0.2783203125 0.763671875 0.005859375 0.01171875
0 0.2041015625 0.703125 0.0078125 0.0078125
0 0.17041015625 0.7102864583333333 0.0087890625 0.01171875
0 0.234375 0.7760416666666666 0.009765625 0.015625
0 0.205078125 0.7721354166666666 0.005859375 0.0078125
0 0.17529296875 0.7623697916666666 0.0048828125 0.01171875
