0 0.23876953125 0.21243169398907102 0.0361328125 0.06693989071038252
0 0.3681640625 0.23565573770491804 0.037109375 0.06420765027322405
0 0.494140625 0.21994535519125682 0.037109375 0.07103825136612021
0 0.63037109375 0.20218579234972678 0.0322265625 0.060109289617486336
0 0.73388671875 0.2069672131147541 0.0380859375 0.06967213114754098
0 0.2138671875 0.4692622950819672 0.041015625 0.07240437158469945
0 0.296875 0.4672131147540984 0.03515625 0.07103825136612021
0 0.43115234375 0.4781420765027322 0.0361328125 0.06557377049180328
0 0.55078125 0.4733606557377049 0.03515625 0.05874316939890711
0 0.6630859375 0.48360655737704916 0.037109375 0.06557377049180328
0 0.76416015625 0.5068306010928961 0.0380859375 0.060109289617486336
