0 0.1025390625 0.42252604166666663 0.044921875 0.07682291666666666
0 0.17333984375 0.43815104166666663 0.0400390625 0.06901041666666666
0 0.248046875 0.396484375 0.037109375 0.06380208333333333
0 0.333984375 0.3899739583333333 0.03515625 0.053385416666666664
0 0.4248046875 0.41080729166666663 0.033203125 0.061197916666666664
0 0.50244140625 0.40104166666666663 0.0341796875 0.05208333333333333
0 0.5810546875 0.3899739583333333 0.033203125 0.053385416666666664
0 0.658203125 0.37109375 0.03125 0.0625
0 0.73388671875 0.40625 0.0322265625 0.05208333333333333
0 0.80419921875 0.4231770833333333 0.0380859375 0.06510416666666666
0 0.87255859375 0.4544270833333333 0.0419921875 0.057291666666666664
