0 0.525390625 0.3321114369501466 0.021484375 0.045454545454545456
0 0.56396484375 0.3064516129032258 0.0244140625 0.03812316715542522
0 0.607421875 0.34310850439882695 0.02734375 0.04398826979472141
0 0.6474609375 0.31085043988269795 0.025390625 0.04105571847507331
0 0.68994140625 0.30058651026392963 0.0244140625 0.04398826979472141
0 0.7236328125 0.2969208211143695 0.021484375 0.039589442815249266
0 0.7783203125 0.3101173020527859 0.0234375 0.054252199413489736
0 0.80615234375 0.2998533724340176 0.0185546875 0.039589442815249266
0 0.86962890625 0.29838709677419356 0.0224609375 0.045454545454545456
0 0.7587890625 0.4435483870967742 0.02734375 0.060117302052785926
0 0.6630859375 0.4303519061583578 0.02734375 0.05718475073313783
0 0.56787109375 0.4464809384164223 0.0302734375 0.054252199413489736
0 0.13671875 0.31744868035190615 0.025390625 0.04838709677419355
0 0.18017578125 0.30425219941348974 0.0263671875 0.04838709677419355
0 0.2373046875 0.313049853372434 0.025390625 0.04838709677419355
0 0.28271484375 0.3181818181818182 0.0263671875 0.04985337243401759
0 0.326171875 0.32038123167155425 0.021484375 0.04252199413489736
0 0.38037109375 0.33064516129032256 0.0244140625 0.051319648093841645
0 0.41259765625 0.32111436950146627 0.0224609375 0.0469208211143695
0 0.44482421875 0.3357771260997067 0.0244140625 0.04985337243401759
0 0.49072265625 0.3159824046920821 0.0224609375 0.045454545454545456
0 0.34814453125 0.45894428152492667 0.0283203125 0.05278592375366569
0 0.44091796875 0.4655425219941349 0.0283203125 0.054252199413489736
0 0.55126953125 0.5733137829912024 0.0322265625 0.06744868035190615
0 0.478515625 0.5659824046920822 0.03125 0.06158357771260997
