0 0.6533203125 0.461086637298091 0.017578125 0.035242290748898675
0 0.70947265625 0.4596182085168869 0.0185546875 0.032305433186490456
0 0.75244140625 0.4530102790014684 0.0166015625 0.033773861967694566
0 0.7939453125 0.4632892804698972 0.015625 0.02790014684287812
0 0.802734375 0.3597650513950073 0.015625 0.035242290748898675
0 0.685546875 0.3465491923641703 0.017578125 0.032305433186490456
0 0.6357421875 0.3436123348017621 0.015625 0.035242290748898675
0 0.5849609375 0.3436123348017621 0.017578125 0.02936857562408223
0 0.841796875 0.4486049926578561 0.017578125 0.03671071953010279
0 0.76513671875 0.5851688693098385 0.0185546875 0.03671071953010279
0 0.81396484375 0.6453744493392071 0.0166015625 0.03671071953010279
0 0.712890625 0.6174743024963288 0.017578125 0.033773861967694566
0 0.66650390625 0.6468428781204111 0.0185546875 0.02790014684287812
0 0.6103515625 0.6343612334801761 0.017578125 0.035242290748898675
0 0.53515625 0.6314243759177679 0.017578125 0.035242290748898675
0 0.7431640625 0.3274596182085169 0.017578125 0.032305433186490456
0 0.181640625 0.4449339207048458 0.015625 0.026431718061674006
0 0.23388671875 0.4544787077826725 0.0166015625 0.03083700440528634
0 0.2705078125 0.4419970631424376 0.015625 0.02936857562408223
0 0.30517578125 0.45888399412628483 0.0146484375 0.02790014684287812
0 0.34716796875 0.45888399412628483 0.0166015625 0.033773861967694566
0 0.38232421875 0.4530102790014684 0.0146484375 0.03083700440528634
0 0.41357421875 0.45374449339207046 0.0146484375 0.02936857562408223
0 0.4560546875 0.4397944199706314 0.017578125 0.02790014684287812
0 0.2001953125 0.6020558002936858 0.01953125 0.035242290748898675
0 0.26318359375 0.6233480176211453 0.0185546875 0.03671071953010279
0 0.3330078125 0.6226138032305433 0.017578125 0.0381791483113069
0 0.4130859375 0.6211453744493391 0.017578125 0.035242290748898675
0 0.4638671875 0.579295154185022 0.015625 0.033773861967694566
0 0.0947265625 0.36270190895741555 0.017578125 0.026431718061674006
0 0.13525390625 0.3744493392070484 0.0146484375 0.026431718061674006
0 0.17529296875 0.3619676945668135 0.0146484375 0.02202643171806167
0 0.212890625 0.3575624082232012 0.013671875 0.03083700440528634
0 0.26416015625 0.328928046989721 0.0185546875 0.0381791483113069
0 0.3203125 0.33700440528634357 0.015625 0.03083700440528634
0 0.36669921875 0.342143906020558 0.0166015625 0.02936857562408223
0 0.42529296875 0.34948604992657856 0.0146484375 0.026431718061674006
0 0.4921875 0.3619676945668135 0.015625 0.02790014684287812
0 0.53125 0.34140969162995594 0.017578125 0.033773861967694566
0 0.5634765625 0.45374449339207046 0.017578125 0.035242290748898675
0 0.60986328125 0.46475770925110127 0.0146484375 0.02790014684287812
0 0.92822265625 0.49706314243759175 0.0185546875 0.024963289280469897
0 0.89404296875 0.6079295154185022 0.0185546875 0.035242290748898675
0 0.8466796875 0.6005873715124816 0.017578125 0.035242290748898675
0 0.12939453125 0.643906020558003 0.0205078125 0.033773861967694566
0 0.51171875 0.4544787077826725 0.017578125 0.02790014684287812
