0 0.46044921875 0.3913793103448276 0.0263671875 0.06551724137931034
0 0.5224609375 0.3689655172413793 0.021484375 0.05517241379310345
0 0.59130859375 0.4051724137931034 0.0263671875 0.06206896551724138
0 0.6044921875 0.346551724137931 0.025390625 0.05862068965517241
0 0.65087890625 0.328448275862069 0.0244140625 0.06379310344827586
0 0.6630859375 0.4103448275862069 0.02734375 0.06206896551724138
0 0.68701171875 0.3732758620689655 0.0224609375 0.06034482758620689
0 0.7529296875 0.38017241379310346 0.025390625 0.06034482758620689
0 0.82177734375 0.38879310344827583 0.0263671875 0.0706896551724138
0 0.8955078125 0.4043103448275862 0.02734375 0.0706896551724138
0 0.14501953125 0.3620689655172414 0.0224609375 0.06206896551724138
0 0.21875 0.3767241379310345 0.0234375 0.05344827586206896
0 0.255859375 0.35258620689655173 0.0234375 0.05
0 0.2978515625 0.38275862068965516 0.025390625 0.06206896551724138
0 0.34912109375 0.3879310344827586 0.0244140625 0.05862068965517241
0 0.36328125 0.32241379310344825 0.0234375 0.05862068965517241
0 0.41552734375 0.36637931034482757 0.0244140625 0.06034482758620689
0 0.4375 0.32068965517241377 0.0234375 0.05172413793103448
