0 0.51904296875 0.40922401171303074 0.0439453125 0.05710102489019034
0 0.23046875 0.17898975109809664 0.041015625 0.03733528550512445
0 0.20556640625 0.11456808199121524 0.0400390625 0.04465592972181552
0 0.2080078125 0.05014641288433382 0.029296875 0.022693997071742314
0 0.3798828125 0.1273792093704246 0.046875 0.0424597364568082
0 0.4091796875 0.18960468521229867 0.04296875 0.029282576866764276
0 0.50927734375 0.12408491947291361 0.0498046875 0.03733528550512445
0 0.1162109375 0.1603221083455344 0.041015625 0.043923865300146414
0 0.0478515625 0.11163982430453881 0.02734375 0.02855051244509517
0 0.546875 0.232796486090776 0.095703125 0.09224011713030747
0 0.736328125 0.22547584187408493 0.041015625 0.03953147877013177
0 0.853515625 0.23243045387994143 0.04296875 0.038799414348462666
0 0.958984375 0.30380673499267935 0.044921875 0.04978038067349927
