0 0.1142578125 0.2454798331015299 0.044921875 0.0737134909596662
0 0.203125 0.15507649513212796 0.0390625 0.06536856745479833
0 0.32763671875 0.1411682892906815 0.0439453125 0.07649513212795549
0 0.4423828125 0.15090403337969402 0.044921875 0.0737134909596662
0 0.55908203125 0.12934631432545202 0.0458984375 0.07232267037552155
0 0.69140625 0.10083449235048678 0.044921875 0.06815020862308761
0 0.7509765625 0.1787204450625869 0.046875 0.07927677329624479
0 0.84130859375 0.12100139082058414 0.0458984375 0.06397774687065368
0 0.87548828125 0.18915159944367177 0.0458984375 0.08623087621696801
0 0.63134765625 0.22044506258692628 0.0419921875 0.07093184979137691
0 0.494140625 0.2301808066759388 0.048828125 0.07649513212795549
0 0.37060546875 0.24339360222531292 0.0478515625 0.07232267037552155
0 0.22998046875 0.22809457579972184 0.0439453125 0.07510431154381085
0 0.1240234375 0.42976356050069536 0.046875 0.08066759388038942
0 0.2666015625 0.4283727399165507 0.046875 0.08066759388038942
0 0.3974609375 0.4450625869262865 0.048828125 0.08066759388038942
0 0.53369140625 0.42559109874826145 0.0498046875 0.08066759388038942
0 0.671875 0.42559109874826145 0.056640625 0.07510431154381085
0 0.81298828125 0.4172461752433936 0.0478515625 0.07788595271210014
0 0.158203125 0.6008344923504868 0.05078125 0.09179415855354658
0 0.3466796875 0.6050069541029207 0.05078125 0.08344923504867871
0 0.53759765625 0.5813630041724617 0.0576171875 0.08344923504867871
0 0.767578125 0.56884561891516 0.052734375 0.08344923504867871
