0 0.18798828125 0.31603053435114503 0.0458984375 0.0916030534351145
0 0.310546875 0.34580152671755726 0.03515625 0.06259541984732825
0 0.2998046875 0.42900763358778626 0.041015625 0.07938931297709924
0 0.3916015625 0.3114503816793893 0.037109375 0.08244274809160305
0 0.42919921875 0.3709923664122137 0.0439453125 0.0916030534351145
0 0.52978515625 0.3083969465648855 0.0419921875 0.08549618320610687
0 0.66552734375 0.32900763358778623 0.0380859375 0.0900763358778626
0 0.7744140625 0.3564885496183206 0.041015625 0.08396946564885496
0 0.6552734375 0.5580152671755725 0.048828125 0.10229007633587786
0 0.88525390625 0.333587786259542 0.0458984375 0.08091603053435115
