0 0.12158203125 0.23753117206982544 0.0283203125 0.046134663341645885
0 0.19091796875 0.25374064837905236 0.0263671875 0.046134663341645885
0 0.06591796875 0.37967581047381543 0.0283203125 0.05112219451371571
0 0.1337890625 0.37967581047381543 0.025390625 0.046134663341645885
0 0.09033203125 0.4844139650872818 0.0263671875 0.05112219451371571
0 0.09228515625 0.5985037406483791 0.0283203125 0.04987531172069826
0 0.17236328125 0.6059850374064838 0.0283203125 0.04987531172069826
0 0.24560546875 0.25374064837905236 0.0244140625 0.046134663341645885
0 0.28662109375 0.2543640897755611 0.0283203125 0.04488778054862843
0 0.32470703125 0.25561097256857856 0.0283203125 0.04738154613466334
0 0.21337890625 0.3765586034912718 0.0302734375 0.04488778054862843
0 0.29296875 0.3690773067331671 0.03125 0.04488778054862843
0 0.359375 0.37468827930174564 0.02734375 0.043640897755610975
0 0.1767578125 0.49563591022443887 0.03125 0.048628428927680795
0 0.25830078125 0.4906483790523691 0.0302734375 0.046134663341645885
0 0.2587890625 0.6066084788029925 0.02734375 0.046134663341645885
0 0.38037109375 0.25810473815461343 0.0263671875 0.03740648379052369
0 0.44189453125 0.25997506234413964 0.0283203125 0.046134663341645885
0 0.517578125 0.26246882793017456 0.025390625 0.043640897755610975
0 0.41064453125 0.37531172069825436 0.0244140625 0.04239401496259351
0 0.46484375 0.38216957605985036 0.02734375 0.05112219451371571
0 0.51953125 0.3809226932668329 0.02734375 0.046134663341645885
0 0.34619140625 0.49438902743142144 0.0283203125 0.05112219451371571
0 0.42333984375 0.49625935162094764 0.0263671875 0.04239401496259351
0 0.49267578125 0.49563591022443887 0.0263671875 0.05112219451371571
0 0.33984375 0.6134663341645885 0.02734375 0.04987531172069826
0 0.4140625 0.6122194513715711 0.029296875 0.04987531172069826
0 0.4912109375 0.6228179551122195 0.029296875 0.05112219451371571
0 0.5859375 0.2662094763092269 0.0234375 0.048628428927680795
0 0.65087890625 0.2643391521197007 0.0224609375 0.04488778054862843
0 0.58447265625 0.37718204488778057 0.0244140625 0.048628428927680795
0 0.67041015625 0.385286783042394 0.0263671875 0.04488778054862843
0 0.72216796875 0.2799251870324189 0.0283203125 0.046134663341645885
0 0.79248046875 0.2718204488778055 0.0244140625 0.04488778054862843
0 0.87060546875 0.2643391521197007 0.0244140625 0.04738154613466334
0 0.74365234375 0.38965087281795513 0.0283203125 0.046134663341645885
0 0.8291015625 0.3846633416458853 0.025390625 0.048628428927680795
0 0.9013671875 0.40336658354114713 0.029296875 0.043640897755610975
0 0.71923828125 0.4869077306733167 0.0283203125 0.048628428927680795
0 0.80615234375 0.49251870324189523 0.0283203125 0.04738154613466334
0 0.890625 0.5155860349127181 0.029296875 0.043640897755610975
0 0.9404296875 0.5155860349127181 0.029296875 0.043640897755610975
0 0.56396484375 0.4937655860349127 0.0263671875 0.04488778054862843
0 0.64404296875 0.49251870324189523 0.0283203125 0.04987531172069826
0 0.5673828125 0.6109725685785536 0.029296875 0.04738154613466334
0 0.65771484375 0.60785536159601 0.0283203125 0.046134663341645885
0 0.74267578125 0.6128428927680798 0.0283203125 0.048628428927680795
0 0.8359375 0.6384039900249376 0.02734375 0.04987531172069826
