0 0.505859375 0.5169270833333333 0.009765625 0.015625
0 0.23291015625 0.47916666666666663 0.0400390625 0.07291666666666666
0 0.32568359375 0.48697916666666663 0.0263671875 0.04427083333333333
0 0.3505859375 0.49283854166666663 0.015625 0.03255208333333333
0 0.3818359375 0.5032552083333333 0.013671875 0.029947916666666664
0 0.43115234375 0.5091145833333333 0.0166015625 0.028645833333333332
0 0.4462890625 0.4934895833333333 0.01171875 0.03125
0 0.4951171875 0.5240885416666666 0.015625 0.022135416666666664
0 0.4111328125 0.49609375 0.01171875 0.0234375
0 0.51806640625 0.5084635416666666 0.0107421875 0.01953125
0 0.52978515625 0.50390625 0.0087890625 0.013020833333333332
0 0.54296875 0.5071614583333333 0.01171875 0.01953125
0 0.56982421875 0.49674479166666663 0.0107421875 0.016927083333333332
0 0.47998046875 0.509765625 0.0087890625 0.016927083333333332
0 0.5595703125 0.5201822916666666 0.009765625 0.014322916666666666
0 0.01611328125 0.5208333333333333 0.0283203125 0.05989583333333333
0 0.09765625 0.5299479166666666 0.02734375 0.05208333333333333
0 0.20263671875 0.49674479166666663 0.0185546875 0.03255208333333333
