0 0.17138671875 0.8656387665198237 0.0576171875 0.2187958883994126
0 0.4619140625 0.7672540381791483 0.044921875 0.09544787077826725
0 0.48095703125 0.6769456681350954 0.0458984375 0.07929515418502202
0 0.244140625 0.37371512481644636 0.009765625 0.02202643171806167
0 0.22314453125 0.37151248164464024 0.0107421875 0.011747430249632892
0 0.31787109375 0.3619676945668135 0.0087890625 0.01908957415565345
0 0.34619140625 0.43685756240822315 0.0205078125 0.03964757709251101
0 0.5615234375 0.5653450807635829 0.0078125 0.014684287812041116
0 0.515625 0.5748898678414096 0.005859375 0.013215859030837003
0 0.6484375 0.48678414096916295 0.005859375 0.010279001468428781
0 0.85400390625 0.5558002936857562 0.0087890625 0.016152716593245228
0 0.8916015625 0.5748898678414096 0.005859375 0.016152716593245228
0 0.2998046875 0.381791483113069 0.005859375 0.020558002936857563
0 0.37744140625 0.38399412628487517 0.0068359375 0.03083700440528634
0 0.53076171875 0.4464023494860499 0.0048828125 0.008810572687224669
0 0.52587890625 0.487518355359765 0.0048828125 0.008810572687224669
0 0.599609375 0.5139500734214391 0.005859375 0.014684287812041116
0 0.60400390625 0.48678414096916295 0.0048828125 0.010279001468428781
0 0.6201171875 0.5139500734214391 0.005859375 0.008810572687224669
0 0.65185546875 0.5205580029368575 0.0048828125 0.010279001468428781
0 0.6640625 0.49486049926578557 0.005859375 0.008810572687224669
0 0.65380859375 0.5007342143906021 0.0048828125 0.008810572687224669
0 0.87646484375 0.5007342143906021 0.0048828125 0.011747430249632892
0 0.86181640625 0.49265785609397944 0.0048828125 0.010279001468428781
0 0.8505859375 0.48825256975036707 0.00390625 0.007342143906020558
0 0.82470703125 0.4860499265785609 0.0048828125 0.008810572687224669
0 0.990234375 0.6167400881057269 0.0078125 0.017621145374449337
0 0.73486328125 0.540381791483113 0.0068359375 0.008810572687224669
0 0.73779296875 0.4941262848751835 0.0048828125 0.010279001468428781
