0 0.08251953125 0.15650741350906094 0.0341796875 0.085667215815486
0 0.14404296875 0.18039538714991762 0.0361328125 0.08072487644151566
0 0.203125 0.14744645799011533 0.029296875 0.07084019769357495
0 0.2255859375 0.3723228995057661 0.03515625 0.06260296540362438
0 0.25830078125 0.16144975288303132 0.0263671875 0.05271828665568369
0 0.30224609375 0.1416803953871499 0.0263671875 0.06919275123558484
0 0.36181640625 0.08237232289950577 0.0302734375 0.05601317957166392
0 0.45751953125 0.05024711696869852 0.0283203125 0.0642504118616145
0 0.435546875 0.12520593080724876 0.033203125 0.07907742998352554
0 0.5009765625 0.11943986820428336 0.025390625 0.0642504118616145
0 0.15380859375 0.5172981878088962 0.0400390625 0.08237232289950577
0 0.3271484375 0.37644151565074135 0.033203125 0.06754530477759473
0 0.31103515625 0.5387149917627677 0.0400390625 0.10214168039538715
0 0.4404296875 0.3731466227347611 0.03125 0.057660626029654036
0 0.51220703125 0.35337726523887975 0.0302734375 0.07413509060955518
0 0.4560546875 0.5378912685337727 0.0390625 0.08731466227347612
0 0.5634765625 0.10214168039538715 0.02734375 0.06919275123558484
0 0.60791015625 0.07825370675453047 0.0263671875 0.060955518945634266
0 0.6474609375 0.08237232289950577 0.0234375 0.05601317957166392
0 0.69921875 0.09060955518945635 0.02734375 0.06260296540362438
0 0.76220703125 0.11037891268533773 0.0283203125 0.05930807248764415
0 0.80224609375 0.11202635914332784 0.0341796875 0.06919275123558484
0 0.90087890625 0.0799011532125206 0.0361328125 0.08072487644151566
0 0.6162109375 0.33031301482701814 0.03125 0.07742998352553541
0 0.6845703125 0.32042833607907745 0.03125 0.07084019769357495
0 0.6201171875 0.4942339373970346 0.041015625 0.09225700164744646
0 0.751953125 0.28500823723228996 0.033203125 0.07248764415156507
0 0.7958984375 0.4901153212520593 0.0390625 0.07742998352553541
0 0.904296875 0.44481054365733114 0.04296875 0.085667215815486
