0 0.0751953125 0.21376281112737922 0.033203125 0.05856515373352855
0 0.126953125 0.2562225475841874 0.041015625 0.07906295754026355
0 0.203125 0.21376281112737922 0.037109375 0.07027818448023426
0 0.2265625 0.16910688140556368 0.029296875 0.05710102489019034
0 0.2705078125 0.2108345534407028 0.03515625 0.06149341142020498
0 0.32080078125 0.2020497803806735 0.0283203125 0.06734992679355783
0 0.2431640625 0.3052708638360176 0.037109375 0.07759882869692533
0 0.32958984375 0.3213762811127379 0.0380859375 0.08052708638360176
0 0.36181640625 0.20937042459736457 0.0322265625 0.06442166910688141
0 0.423828125 0.2020497803806735 0.03125 0.055636896046852125
0 0.529296875 0.17862371888726208 0.02734375 0.06149341142020498
0 0.50439453125 0.3184480234260615 0.0341796875 0.0629575402635432
0 0.43310546875 0.3440702781844802 0.0341796875 0.07027818448023426
0 0.08642578125 0.4216691068814056 0.0400390625 0.06734992679355783
0 0.17431640625 0.47291361639824303 0.0439453125 0.07906295754026355
0 0.28759765625 0.47144948755490484 0.0361328125 0.07320644216691069
0 0.396484375 0.4560761346998536 0.0390625 0.08345534407027819
0 0.609375 0.21010248901903367 0.03125 0.06588579795021962
0 0.6015625 0.2957540263543192 0.03515625 0.07027818448023426
0 0.654296875 0.32503660322108346 0.03515625 0.07320644216691069
0 0.5 0.5014641288433382 0.0390625 0.07759882869692533
0 0.60302734375 0.4765739385065886 0.0380859375 0.0746705710102489
0 0.703125 0.15666178623718888 0.03125 0.06149341142020498
0 0.81591796875 0.2203513909224012 0.0322265625 0.0629575402635432
0 0.72998046875 0.31991215226939973 0.0302734375 0.06881405563689605
0 0.81982421875 0.3213762811127379 0.0380859375 0.07174231332357248
0 0.89111328125 0.3191800878477306 0.0419921875 0.08199121522693997
0 0.68798828125 0.4882869692532943 0.0361328125 0.0746705710102489
0 0.7685546875 0.48169838945827237 0.0390625 0.07027818448023426
0 0.8583984375 0.4685212298682284 0.0390625 0.07320644216691069
