0 0.248046875 0.26822916666666663 0.01171875 0.03298611111111111
0 0.3583984375 0.3602430555555555 0.025390625 0.06076388888888889
0 0.46826171875 0.509548611111111 0.0322265625 0.07118055555555555
0 0.65478515625 0.3055555555555555 0.0458984375 0.0798611111111111
0 0.3408203125 0.3836805555555555 0.029296875 0.06597222222222222
0 0.4189453125 0.5052083333333333 0.021484375 0.0798611111111111
0 0.85693359375 0.3767361111111111 0.0400390625 0.12152777777777778
0 0.5087890625 0.28385416666666663 0.017578125 0.03645833333333333
0 0.39208984375 0.48697916666666663 0.0283203125 0.08506944444444443
0 0.02294921875 0.23524305555555555 0.0087890625 0.022569444444444444
