0 0.4765625 0.33207070707070707 0.01171875 0.025252525252525256
0 0.37451171875 0.2638888888888889 0.0087890625 0.015151515151515152
0 0.37841796875 0.2935606060606061 0.0126953125 0.021464646464646468
0 0.41357421875 0.2537878787878788 0.0087890625 0.015151515151515152
0 0.44775390625 0.3327020202020202 0.0126953125 0.01893939393939394
0 0.470703125 0.2670454545454546 0.0078125 0.011363636363636364
0 0.4423828125 0.2878787878787879 0.009765625 0.015151515151515152
0 0.5654296875 0.29040404040404044 0.009765625 0.01767676767676768
0 0.53271484375 0.28472222222222227 0.0068359375 0.011363636363636364
0 0.5908203125 0.29040404040404044 0.0078125 0.015151515151515152
0 0.51318359375 0.2537878787878788 0.0087890625 0.012626262626262628
0 0.8798828125 0.41729797979797983 0.0078125 0.01388888888888889
0 0.5712890625 0.3207070707070707 0.009765625 0.020202020202020204
0 0.60546875 0.2796717171717172 0.01171875 0.01893939393939394
0 0.56640625 0.2720959595959596 0.0078125 0.011363636363636364
0 0.568359375 0.37689393939393945 0.013671875 0.04166666666666667
