0 0.451171875 0.18129496402877698 0.05859375 0.12086330935251799
0 0.5380859375 0.2633093525179856 0.044921875 0.06618705035971223
0 0.65087890625 0.26618705035971224 0.0302734375 0.060431654676258995
0 0.693359375 0.24172661870503598 0.03515625 0.060431654676258995
0 0.74365234375 0.2589928057553957 0.0205078125 0.040287769784172665
0 0.91015625 0.23741007194244604 0.015625 0.025899280575539568
0 0.837890625 0.2820143884892086 0.0703125 0.1237410071942446
0 0.9453125 0.21079136690647482 0.0234375 0.03884892086330936
0 0.10107421875 0.3892086330935252 0.0966796875 0.24604316546762592
0 0.26708984375 0.32661870503597124 0.0654296875 0.12949640287769784
