0 0.80029296875 0.795996920708237 0.0439453125 0.04003079291762894
0 0.89501953125 0.7563510392609699 0.0322265625 0.03464203233256351
0 0.63134765625 0.7286374133949192 0.0322265625 0.03156274056966898
0 0.498046875 0.7486528098537336 0.033203125 0.03156274056966898
0 0.4404296875 0.7678983833718245 0.03515625 0.03464203233256351
0 0.28857421875 0.8025404157043879 0.0322265625 0.03310238645111624
0 0.22607421875 0.8036951501154734 0.0380859375 0.03849114703618168
0 0.22412109375 0.7274826789838337 0.0322265625 0.03079291762894534
0 0.13818359375 0.7344110854503464 0.0263671875 0.027713625866050806
0 0.134765625 0.6551193225558121 0.03125 0.03541185527328714
0 0.51171875 0.6959199384141647 0.03515625 0.04003079291762894
0 0.76123046875 0.6678214010777521 0.0322265625 0.03464203233256351
0 0.59814453125 0.6724403387220939 0.0283203125 0.036181678214010776
0 0.646484375 0.6662817551963048 0.03125 0.03464203233256351
0 0.61767578125 0.6493456505003848 0.0302734375 0.030023094688221705
0 0.583984375 0.6420323325635103 0.03515625 0.03695150115473441
0 0.60986328125 0.6166281755196305 0.0263671875 0.027713625866050806
0 0.548828125 0.6023864511162432 0.033203125 0.03156274056966898
0 0.73193359375 0.7963818321785989 0.0341796875 0.036181678214010776
0 0.77783203125 0.8017705927636644 0.0341796875 0.03310238645111624
0 0.283203125 0.661662817551963 0.03125 0.03464203233256351
0 0.28759765625 0.6193225558121631 0.0263671875 0.026943802925327172
0 0.4404296875 0.7024634334103156 0.02734375 0.036181678214010776
0 0.65576171875 0.7852193995381062 0.0380859375 0.03849114703618168
0 0.54248046875 0.7933025404157044 0.0341796875 0.036181678214010776
0 0.486328125 0.5904541955350269 0.015625 0.016936104695919937
0 0.29296875 0.71401077752117 0.02734375 0.03310238645111624
0 0.138671875 0.6886066204772902 0.017578125 0.025404157043879907
