0 0.92333984375 0.13196480938416422 0.0654296875 0.11730205278592376
0 0.77587890625 0.2470674486803519 0.0498046875 0.09237536656891496
0 0.63427734375 0.0967741935483871 0.0498046875 0.08797653958944282
0 0.55908203125 0.1942815249266862 0.0439453125 0.09237536656891496
0 0.0986328125 0.24853372434017595 0.068359375 0.14222873900293256
0 0.318359375 0.2587976539589443 0.056640625 0.10997067448680352
0 0.498046875 0.533724340175953 0.0546875 0.0967741935483871
0 0.462890625 0.16129032258064516 0.037109375 0.07038123167155425
0 0.7841796875 0.0593841642228739 0.056640625 0.08651026392961877
0 0.2841796875 0.13049853372434017 0.046875 0.08211143695014662
0 0.60400390625 0.13416422287390029 0.0380859375 0.0689149560117302
0 0.19580078125 0.1590909090909091 0.0361328125 0.07771260997067449
0 0.11865234375 0.15542521994134897 0.0439453125 0.06451612903225806
0 0.23681640625 0.30131964809384165 0.0361328125 0.060117302052785926
0 0.708984375 0.11436950146627566 0.04296875 0.06744868035190615
0 0.5869140625 0.5403225806451613 0.044921875 0.09530791788856305
0 0.7294921875 0.5190615835777126 0.056640625 0.09090909090909091
