0 0.70458984375 0.7344213649851632 0.0908203125 0.18100890207715134
0 0.4296875 0.19362017804154302 0.08984375 0.14391691394658754
0 0.240234375 0.08234421364985163 0.0625 0.10534124629080119
0 0.0751953125 0.0956973293768546 0.08203125 0.12908011869436203
0 0.6171875 0.6995548961424333 0.078125 0.11721068249258161
0 0.55517578125 0.5727002967359051 0.0537109375 0.10682492581602374
0 0.3828125 0.5022255192878339 0.029296875 0.05489614243323442
0 0.61279296875 0.6142433234421365 0.0322265625 0.08011869436201781
0 0.84716796875 0.7084569732937686 0.0791015625 0.15578635014836795
0 0.9873046875 0.6550445103857567 0.0234375 0.14391691394658754
