0 0.8173828125 0.5380673499267936 0.072265625 0.1390922401171303
0 0.61865234375 0.5212298682284041 0.0517578125 0.07613469985358712
0 0.49951171875 0.43191800878477304 0.0400390625 0.07320644216691069
0 0.53759765625 0.40043923865300146 0.0263671875 0.04538799414348463
0 0.42822265625 0.4253294289897511 0.0302734375 0.05124450951683748
0 0.39599609375 0.49926793557833093 0.0576171875 0.09663250366032211
0 0.1904296875 0.5746705710102489 0.072265625 0.08345534407027819
0 0.09912109375 0.445095168374817 0.0361328125 0.05856515373352855
0 0.27197265625 0.43191800878477304 0.0146484375 0.029282576866764276
0 0.24609375 0.40483162518301613 0.025390625 0.03074670571010249
0 0.2998046875 0.3374816983894583 0.01171875 0.027818448023426062
0 0.337890625 0.36603221083455345 0.01171875 0.020497803806734993
0 0.322265625 0.36676427525622257 0.009765625 0.01903367496339678
0 0.14501953125 0.2862371888726208 0.0205078125 0.027818448023426062
0 0.1396484375 0.36456808199121526 0.01171875 0.02635431918008785
0 0.09130859375 0.39751098096632503 0.0224609375 0.048316251830161056
0 0.375 0.39604685212298685 0.029296875 0.048316251830161056
0 0.44970703125 0.3828696925329429 0.0263671875 0.048316251830161056
0 0.5673828125 0.3718887262079063 0.021484375 0.03513909224011713
0 0.53271484375 0.34260614934114203 0.0146484375 0.029282576866764276
0 0.43212890625 0.3389458272327965 0.0087890625 0.021961932650073207
0 0.38134765625 0.26207906295754024 0.0107421875 0.02635431918008785
0 0.62646484375 0.35651537335285505 0.0146484375 0.024890190336749635
0 0.6455078125 0.3279648609077599 0.01171875 0.02635431918008785
0 0.67041015625 0.31185944363103957 0.0087890625 0.020497803806734993
0 0.59814453125 0.37481698389458273 0.0146484375 0.029282576866764276
0 0.755859375 0.4633967789165447 0.025390625 0.04538799414348463
0 0.701171875 0.4333821376281113 0.01953125 0.04978038067349927
0 0.7060546875 0.3931185944363104 0.025390625 0.05417276720351391
0 0.72412109375 0.38433382137628114 0.0166015625 0.036603221083455345
0 0.7294921875 0.3469985358711567 0.013671875 0.02635431918008785
0 0.7587890625 0.34333821376281115 0.013671875 0.021961932650073207
0 0.7998046875 0.3484626647144949 0.017578125 0.02635431918008785
0 0.79638671875 0.3169838945827233 0.0107421875 0.021961932650073207
0 0.78369140625 0.3074670571010249 0.0068359375 0.014641288433382138
0 0.73828125 0.3169838945827233 0.01171875 0.021961932650073207
0 0.69677734375 0.3206442166910688 0.0107421875 0.020497803806734993
0 0.8603515625 0.3704245973645681 0.013671875 0.029282576866764276
0 0.8154296875 0.4260614934114202 0.041015625 0.07906295754026355
0 0.93212890625 0.35212298682284043 0.0185546875 0.03953147877013177
0 0.86572265625 0.31478770131771594 0.0126953125 0.02635431918008785
0 0.87890625 0.3096632503660322 0.005859375 0.013177159590043924
0 0.896484375 0.25109809663250365 0.009765625 0.016105417276720352
0 0.49462890625 0.3733528550512445 0.0205078125 0.03806734992679356
0 0.83642578125 0.34114202049780384 0.0126953125 0.032210834553440704
0 0.921875 0.32650073206442165 0.01171875 0.029282576866764276
