0 0.1962890625 0.6928879310344828 0.037109375 0.032327586206896554
0 0.44287109375 0.6885775862068966 0.0400390625 0.035201149425287355
0 0.50732421875 0.6821120689655172 0.0322265625 0.03089080459770115
0 0.58447265625 0.5836925287356322 0.0341796875 0.032327586206896554
0 0.71826171875 0.7054597701149425 0.0419921875 0.03879310344827586
0 0.49560546875 0.5883620689655172 0.0263671875 0.030172413793103446
0 0.345703125 0.6138649425287356 0.03515625 0.032327586206896554
0 0.1669921875 0.6925287356321839 0.02734375 0.030172413793103446
0 0.85302734375 0.6073994252873564 0.0341796875 0.033764367816091954
0 0.71826171875 0.5671695402298851 0.0322265625 0.032327586206896554
0 0.81884765625 0.5420258620689655 0.0302734375 0.03089080459770115
0 0.87890625 0.6056034482758621 0.0234375 0.031609195402298854
0 0.77392578125 0.6875 0.0341796875 0.031609195402298854
0 0.7939453125 0.5341235632183908 0.0234375 0.029454022988505746
