0 0.4833984375 0.5550660792951542 0.0078125 0.014684287812041116
0 0.37744140625 0.5558002936857562 0.0048828125 0.007342143906020558
0 0.1083984375 0.5029368575624082 0.0078125 0.013215859030837003
0 0.46044921875 0.5704845814977973 0.0048828125 0.007342143906020558
0 0.17138671875 0.42584434654919234 0.0302734375 0.049926578560939794
0 0.25 0.4853157121879589 0.017578125 0.03083700440528634
0 0.21484375 0.526431718061674 0.009765625 0.016152716593245228
0 0.29638671875 0.5058737151248164 0.0126953125 0.02202643171806167
0 0.7216796875 0.4030837004405286 0.0390625 0.07488986784140969
0 0.634765625 0.4911894273127753 0.0234375 0.04845814977973568
0 0.546875 0.5293685756240822 0.015625 0.02202643171806167
0 0.9755859375 0.6160058737151248 0.021484375 0.033773861967694566
0 0.88330078125 0.5411160058737151 0.0166015625 0.03083700440528634
0 0.9453125 0.5580029368575624 0.013671875 0.023494860499265784
0 0.8984375 0.5513950073421439 0.01171875 0.02202643171806167
0 0.0634765625 0.49486049926578557 0.01171875 0.023494860499265784
0 0.0380859375 0.4809104258443465 0.013671875 0.02202643171806167
0 0.58203125 0.5565345080763583 0.009765625 0.017621145374449337
0 0.50830078125 0.5609397944199705 0.0087890625 0.017621145374449337
0 0.56884765625 0.566813509544787 0.0068359375 0.014684287812041116
0 0.36083984375 0.5425844346549192 0.0087890625 0.016152716593245228
0 0.32666015625 0.5345080763582966 0.0126953125 0.020558002936857563
