0 0.54296875 0.4765625 0.013671875 0.03125
0 0.498046875 0.447265625 0.017578125 0.029947916666666664
0 0.560546875 0.45963541666666663 0.015625 0.033854166666666664
0 0.697265625 0.5110677083333333 0.037109375 0.06380208333333333
0 0.6904296875 0.44401041666666663 0.013671875 0.020833333333333332
0 0.96533203125 0.6627604166666666 0.0673828125 0.13020833333333331
0 0.84765625 0.529296875 0.041015625 0.053385416666666664
0 0.78955078125 0.5084635416666666 0.0244140625 0.03515625
0 0.4189453125 0.666015625 0.072265625 0.11588541666666666
0 0.28857421875 0.5462239583333333 0.0380859375 0.053385416666666664
0 0.25 0.466796875 0.01953125 0.037760416666666664
0 0.10693359375 0.58203125 0.0947265625 0.12239583333333333
0 0.3818359375 0.494140625 0.015625 0.03515625
