0 0.56298828125 0.7507183908045977 0.0576171875 0.04454022988505747
0 0.44140625 0.7137212643678161 0.056640625 0.04956896551724138
0 0.25830078125 0.6928879310344828 0.0419921875 0.040948275862068964
0 0.39306640625 0.7201867816091954 0.0478515625 0.05100574712643678
0 0.2177734375 0.8318965517241379 0.05078125 0.03879310344827586
0 0.06982421875 0.6792385057471264 0.0419921875 0.03807471264367816
0 0.08544921875 0.6088362068965517 0.0361328125 0.028017241379310345
0 0.26708984375 0.5887212643678161 0.0380859375 0.035201149425287355
0 0.45947265625 0.6375718390804598 0.0380859375 0.033764367816091954
0 0.01123046875 0.6792385057471264 0.0244140625 0.04669540229885057
0 0.01416015625 0.6408045977011494 0.0302734375 0.031609195402298854
0 0.119140625 0.6763649425287356 0.0390625 0.036637931034482756
0 0.103515625 0.5678879310344828 0.0234375 0.029454022988505746
