0 0.85986328125 0.4270833333333333 0.0595703125 0.13541666666666666
0 0.8720703125 0.814236111111111 0.083984375 0.22569444444444442
0 0.6875 0.5529513888888888 0.095703125 0.21006944444444442
0 0.7158203125 0.296875 0.0234375 0.048611111111111105
0 0.572265625 0.4253472222222222 0.083984375 0.1736111111111111
0 0.25830078125 0.23263888888888887 0.0322265625 0.06597222222222222
0 0.359375 0.20746527777777776 0.025390625 0.057291666666666664
0 0.45947265625 0.5946180555555555 0.0576171875 0.12326388888888888
0 0.470703125 0.3654513888888889 0.03125 0.08506944444444443
0 0.45703125 0.41666666666666663 0.025390625 0.06597222222222222
0 0.41455078125 0.43576388888888884 0.0322265625 0.06944444444444445
0 0.21044921875 0.328125 0.0576171875 0.24652777777777776
0 0.3642578125 0.4913194444444444 0.06640625 0.11805555555555555
