0 0.15771484375 0.10481770833333333 0.0556640625 0.08984375
0 0.47705078125 0.12434895833333333 0.0654296875 0.12630208333333331
0 0.6923828125 0.14192708333333331 0.060546875 0.125
0 0.7998046875 0.15234375 0.080078125 0.13020833333333331
0 0.76513671875 0.431640625 0.0478515625 0.07942708333333333
0 0.82666015625 0.46158854166666663 0.0439453125 0.08463541666666666
0 0.45556640625 0.7981770833333333 0.0810546875 0.10416666666666666
0 0.509765625 0.7975260416666666 0.05859375 0.09765625
0 0.12890625 0.81640625 0.099609375 0.16145833333333331
0 0.255859375 0.126953125 0.03515625 0.08203125
0 0.56884765625 0.404296875 0.0087890625 0.022135416666666664
0 0.52978515625 0.4778645833333333 0.0146484375 0.015625
