0 0.21923828125 0.5078023407022106 0.0224609375 0.0377113133940182
0 0.37158203125 0.5981794538361509 0.0107421875 0.018205461638491547
0 0.35302734375 0.5949284785435631 0.0087890625 0.016905071521456438
0 0.6044921875 0.6222366710013004 0.025390625 0.04551365409622887
0 0.56689453125 0.5845253576072822 0.0087890625 0.01950585175552666
0 0.587890625 0.5929778933680104 0.009765625 0.018205461638491547
0 0.59912109375 0.5767230169050716 0.0087890625 0.016905071521456438
0 0.66357421875 0.5786736020806242 0.0107421875 0.018205461638491547
0 0.6875 0.5747724317295189 0.009765625 0.02080624187256177
0 0.697265625 0.5923276983094928 0.009765625 0.01950585175552666
0 0.71337890625 0.5799739921976593 0.0107421875 0.018205461638491547
0 0.80029296875 0.5864759427828349 0.0107421875 0.018205461638491547
0 0.8056640625 0.6046814044213265 0.009765625 0.018205461638491547
0 0.853515625 0.5910273081924577 0.009765625 0.01950585175552666
0 0.91650390625 0.5955786736020806 0.0107421875 0.02080624187256177
0 0.9375 0.577373211963589 0.01171875 0.02080624187256177
0 0.9013671875 0.5897269180754227 0.009765625 0.01950585175552666
0 0.14599609375 0.5344603381014305 0.0205078125 0.031209362808842653
0 0.1455078125 0.635890767230169 0.025390625 0.04681404421326398
0 0.39990234375 0.5539661898569571 0.0244140625 0.03901170351105332
0 0.65869140625 0.6150845253576073 0.0205078125 0.054616384915474644
0 0.755859375 0.5754226267880365 0.01953125 0.035110533159947985
0 0.87744140625 0.5812743823146944 0.0185546875 0.026007802340702213
0 0.955078125 0.5825747724317295 0.015625 0.02860858257477243
0 0.626953125 0.5513654096228868 0.021484375 0.026007802340702213
