0 0.109375 0.34036488027366024 0.0234375 0.037628278221208664
0 0.0576171875 0.34207525655644244 0.0234375 0.03420752565564424
0 0.01025390625 0.3540478905359179 0.0224609375 0.04218928164196123
0 0.11572265625 0.4304446978335234 0.0263671875 0.037628278221208664
0 0.3115234375 0.419042189281642 0.025390625 0.03534777651083239
0 0.54541015625 0.30216647662485746 0.0244140625 0.03876852907639681
0 0.81396484375 0.3563283922462942 0.0185546875 0.03078677309007982
0 0.87890625 0.36659064994298746 0.0234375 0.03534777651083239
0 0.94287109375 0.3289623717217788 0.0263671875 0.0330672748004561
0 0.89404296875 0.33808437856328394 0.0224609375 0.0330672748004561
0 0.7197265625 0.7776510832383124 0.078125 0.06385404789053592
0 0.3642578125 0.3432155074116306 0.021484375 0.03192702394526796
