0 0.2607421875 0.2756598240469208 0.05078125 0.05278592375366569
0 0.06982421875 0.24633431085043989 0.0224609375 0.04398826979472141
0 0.11572265625 0.29765395894428154 0.0166015625 0.03225806451612903
0 0.333984375 0.23240469208211142 0.01953125 0.045454545454545456
0 0.294921875 0.23900293255131966 0.01953125 0.04105571847507331
0 0.55810546875 0.2873900293255132 0.0537109375 0.10557184750733138
0 0.671875 0.14882697947214077 0.029296875 0.06598240469208211
0 0.73046875 0.21407624633431085 0.033203125 0.08797653958944282
0 0.9150390625 0.23533724340175954 0.0234375 0.04838709677419355
0 0.859375 0.2668621700879765 0.009765625 0.02346041055718475
0 0.8876953125 0.27126099706744866 0.01171875 0.026392961876832845
0 0.3974609375 0.35043988269794724 0.009765625 0.020527859237536656
0 0.04248046875 0.2595307917888563 0.0166015625 0.04398826979472141
