0 0.0439453125 0.2967409948542024 0.0234375 0.048027444253859346
0 0.1298828125 0.313893653516295 0.01953125 0.044596912521440824
0 0.2197265625 0.27958833619210977 0.0234375 0.051457975986277875
0 0.29736328125 0.33361921097770153 0.0205078125 0.04631217838765009
0 0.35107421875 0.1234991423670669 0.0419921875 0.10291595197255575
0 0.66845703125 0.32504288164665524 0.0205078125 0.04631217838765009
0 0.7412109375 0.297598627787307 0.021484375 0.04631217838765009
0 0.83203125 0.1509433962264151 0.037109375 0.09605488850771869
0 0.98095703125 0.3096054888507719 0.0224609375 0.05317324185248713
0 0.5634765625 0.3078902229845626 0.021484375 0.04631217838765009
0 0.48095703125 0.3096054888507719 0.0185546875 0.04631217838765009
0 0.66064453125 0.22126929674099485 0.0146484375 0.03430531732418525
0 0.4013671875 0.31732418524871353 0.013671875 0.041166380789022294
