0 0.09619140625 0.26875 0.0283203125 0.05625
0 0.181640625 0.290625 0.037109375 0.053125000000000006
0 0.3291015625 0.2984375 0.025390625 0.053125000000000006
0 0.36279296875 0.3453125 0.0244140625 0.046875
0 0.39892578125 0.34375 0.0224609375 0.05
0 0.51513671875 0.30000000000000004 0.0224609375 0.05
0 0.57275390625 0.2828125 0.0244140625 0.05
0 0.50732421875 0.43984375000000003 0.0263671875 0.051562500000000004
0 0.6201171875 0.3671875 0.02734375 0.046875
0 0.66357421875 0.30000000000000004 0.0302734375 0.040625
0 0.77392578125 0.28359375000000003 0.0263671875 0.051562500000000004
0 0.82421875 0.32734375000000004 0.03125 0.060937500000000006
0 0.9013671875 0.30546875 0.02734375 0.0578125
