0 0.0751953125 0.3247800586510264 0.029296875 0.05718475073313783
0 0.62646484375 0.13563049853372433 0.0166015625 0.024926686217008796
0 0.884765625 0.31744868035190615 0.021484375 0.04838709677419355
0 0.9130859375 0.2785923753665689 0.015625 0.04105571847507331
0 0.93701171875 0.25219941348973607 0.0185546875 0.04105571847507331
0 0.98486328125 0.24266862170087977 0.0166015625 0.036656891495601175
0 0.96142578125 0.281524926686217 0.0283203125 0.05571847507331378
0 0.92578125 0.22580645161290322 0.0234375 0.03812316715542522
0 0.98583984375 0.17302052785923755 0.0185546875 0.03519061583577712
0 0.958984375 0.1348973607038123 0.015625 0.03225806451612903
0 0.90283203125 0.15175953079178886 0.0146484375 0.030791788856304986
0 0.88427734375 0.10190615835777127 0.0146484375 0.02785923753665689
0 0.11572265625 0.26099706744868034 0.0322265625 0.07038123167155425
0 0.3974609375 0.2859237536656892 0.03515625 0.06744868035190615
0 0.47802734375 0.25219941348973607 0.0341796875 0.07624633431085044
0 0.8447265625 0.2837243401759531 0.03515625 0.07771260997067449
0 0.8017578125 0.3555718475073314 0.03515625 0.07771260997067449
0 0.439453125 0.2829912023460411 0.017578125 0.04105571847507331
0 0.52734375 0.27712609970674484 0.017578125 0.03812316715542522
0 0.5537109375 0.28079178885630496 0.017578125 0.039589442815249266
0 0.56982421875 0.3343108504398827 0.0205078125 0.04105571847507331
0 0.57861328125 0.2529325513196481 0.0166015625 0.036656891495601175
0 0.5986328125 0.2844574780058651 0.017578125 0.03812316715542522
0 0.63330078125 0.3035190615835777 0.0224609375 0.04985337243401759
0 0.62890625 0.26759530791788855 0.01953125 0.036656891495601175
0 0.64501953125 0.1598240469208211 0.0146484375 0.02932551319648094
0 0.65771484375 0.33724340175953077 0.0224609375 0.04398826979472141
0 0.69873046875 0.3181818181818182 0.0166015625 0.0469208211143695
0 0.68408203125 0.28005865102639294 0.0205078125 0.04105571847507331
0 0.68505859375 0.24120234604105573 0.0146484375 0.036656891495601175
0 0.69921875 0.24193548387096775 0.017578125 0.04105571847507331
0 0.763671875 0.22947214076246333 0.01953125 0.039589442815249266
0 0.70556640625 0.17228739002932553 0.0146484375 0.030791788856304986
0 0.74853515625 0.3497067448680352 0.0224609375 0.051319648093841645
0 0.75146484375 0.16348973607038123 0.0166015625 0.03372434017595308
0 0.75634765625 0.1348973607038123 0.0166015625 0.03519061583577712
0 0.8046875 0.1312316715542522 0.01953125 0.039589442815249266
0 0.8408203125 0.13196480938416422 0.015625 0.03225806451612903
0 0.85498046875 0.16788856304985336 0.0146484375 0.02785923753665689
0 0.88232421875 0.2529325513196481 0.0185546875 0.039589442815249266
0 0.580078125 0.1656891495601173 0.017578125 0.03519061583577712
