0 0.12939453125 0.204719387755102 0.0595703125 0.11862244897959183
0 0.181640625 0.24553571428571427 0.048828125 0.09821428571428571
0 0.33837890625 0.22002551020408162 0.0576171875 0.08545918367346939
0 0.50927734375 0.20790816326530612 0.0712890625 0.11989795918367346
0 0.8583984375 0.21237244897959182 0.052734375 0.09056122448979591
0 0.646484375 0.17155612244897958 0.046875 0.07270408163265306
0 0.11767578125 0.05293367346938775 0.0283203125 0.049744897959183666
0 0.01806640625 0.16645408163265304 0.0361328125 0.06505102040816325
0 0.1943359375 0.03380102040816326 0.02734375 0.047193877551020405
0 0.2607421875 0.12755102040816327 0.029296875 0.0586734693877551
0 0.4052734375 0.04400510204081632 0.03125 0.057397959183673464
0 0.44482421875 0.18176020408163263 0.0302734375 0.0548469387755102
0 0.7236328125 0.35905612244897955 0.0546875 0.07015306122448979
0 0.72412109375 0.22831632653061223 0.0224609375 0.04846938775510204
0 0.7646484375 0.23788265306122447 0.025390625 0.04464285714285714
0 0.54638671875 0.14413265306122447 0.0224609375 0.04336734693877551
0 0.646484375 0.09948979591836733 0.02734375 0.04081632653061224
0 0.82666015625 0.1058673469387755 0.0166015625 0.030612244897959183
0 0.92578125 0.13201530612244897 0.03125 0.04464285714285714
0 0.95654296875 0.31505102040816324 0.0380859375 0.061224489795918366
0 0.9755859375 0.2238520408163265 0.021484375 0.03954081632653061
0 0.609375 0.3169642857142857 0.033203125 0.07270408163265306
0 0.93115234375 0.19770408163265304 0.0224609375 0.028061224489795915
0 0.80322265625 0.18941326530612243 0.0224609375 0.03954081632653061
0 0.38232421875 0.17793367346938774 0.0302734375 0.057397959183673464
0 0.6875 0.16517857142857142 0.025390625 0.049744897959183666
0 0.88330078125 0.03954081632653061 0.0185546875 0.033163265306122444
0 0.87646484375 0.10714285714285714 0.0185546875 0.033163265306122444
