0 0.2138671875 0.5592972181551976 0.021484375 0.040995607613469986
0 0.16845703125 0.5512445095168375 0.0166015625 0.03953147877013177
0 0.1474609375 0.5534407027818449 0.015625 0.04685212298682284
0 0.49853515625 0.5746705710102489 0.0087890625 0.036603221083455345
0 0.40087890625 0.6522693997071742 0.0205078125 0.0424597364568082
0 0.6494140625 0.8462664714494876 0.015625 0.07027818448023426
0 0.005859375 0.40483162518301613 0.009765625 0.021961932650073207
0 0.00244140625 0.37920937042459735 0.0068359375 0.02342606149341142
0 0.033203125 0.3711566617862372 0.0078125 0.01903367496339678
0 0.04833984375 0.37481698389458273 0.0087890625 0.020497803806734993
0 0.068359375 0.40995607613469986 0.01171875 0.02342606149341142
0 0.03173828125 0.4494875549048316 0.0126953125 0.02342606149341142
0 0.06640625 0.5080527086383602 0.01171875 0.02342606149341142
0 0.099609375 0.5168374816983895 0.009765625 0.020497803806734993
0 0.08740234375 0.3997071742313324 0.0107421875 0.020497803806734993
0 0.07177734375 0.36603221083455345 0.0068359375 0.014641288433382138
0 0.1259765625 0.3923865300146413 0.009765625 0.02342606149341142
0 0.1533203125 0.38726207906295756 0.009765625 0.01903367496339678
0 0.1669921875 0.3814055636896047 0.0078125 0.01903367496339678
0 0.3818359375 0.5395314787701317 0.013671875 0.03367496339677892
0 0.6669921875 0.5197657393850659 0.01171875 0.02635431918008785
0 0.61669921875 0.5307467057101025 0.0146484375 0.024890190336749635
0 0.5380859375 0.4707174231332357 0.009765625 0.021961932650073207
0 0.5947265625 0.4670571010248902 0.009765625 0.02342606149341142
0 0.5751953125 0.45314787701317716 0.013671875 0.03074670571010249
0 0.1767578125 0.48975109809663253 0.0078125 0.021961932650073207
0 0.18701171875 0.5087847730600293 0.0087890625 0.021961932650073207
0 0.169921875 0.5197657393850659 0.009765625 0.02342606149341142
0 0.20849609375 0.5183016105417277 0.0107421875 0.020497803806734993
0 0.224609375 0.5 0.013671875 0.027818448023426062
0 0.2412109375 0.5007320644216691 0.0078125 0.017569546120058566
0 0.1884765625 0.4033674963396779 0.009765625 0.021961932650073207
0 0.205078125 0.38872620790629575 0.009765625 0.01903367496339678
0 0.224609375 0.39604685212298685 0.0078125 0.016105417276720352
0 0.248046875 0.37994143484626647 0.0078125 0.01903367496339678
0 0.2509765625 0.410688140556369 0.009765625 0.021961932650073207
0 0.259765625 0.3953147877013177 0.009765625 0.017569546120058566
0 0.2919921875 0.39092240117130306 0.009765625 0.02342606149341142
0 0.32373046875 0.41654465592972184 0.0087890625 0.01903367496339678
0 0.33447265625 0.3916544655929722 0.0087890625 0.01903367496339678
0 0.3466796875 0.3989751098096633 0.0078125 0.01903367496339678
0 0.56884765625 0.4011713030746706 0.0107421875 0.020497803806734993
0 0.701171875 0.404099560761347 0.0078125 0.020497803806734993
0 0.72265625 0.40775988286969256 0.0078125 0.016105417276720352
0 0.7333984375 0.41800878477306 0.0078125 0.016105417276720352
0 0.7421875 0.39751098096632503 0.0078125 0.01903367496339678
0 0.748046875 0.410688140556369 0.009765625 0.016105417276720352
0 0.73095703125 0.4670571010248902 0.0087890625 0.017569546120058566
0 0.751953125 0.4765739385065886 0.01171875 0.021961932650073207
0 0.779296875 0.4685212298682284 0.009765625 0.017569546120058566
0 0.79443359375 0.4758418740849195 0.0126953125 0.020497803806734993
0 0.78857421875 0.41800878477306 0.0107421875 0.021961932650073207
0 0.818359375 0.5483162518301611 0.015625 0.03367496339677892
0 0.82666015625 0.4685212298682284 0.0107421875 0.02342606149341142
0 0.84228515625 0.4136163982430454 0.0107421875 0.021961932650073207
0 0.876953125 0.4136163982430454 0.009765625 0.021961932650073207
0 0.8662109375 0.47364568081991215 0.009765625 0.021961932650073207
0 0.90234375 0.4633967789165447 0.01171875 0.021961932650073207
0 0.91748046875 0.5439238653001465 0.0107421875 0.01903367496339678
0 0.92724609375 0.5651537335285506 0.0087890625 0.017569546120058566
0 0.927734375 0.46925329428989754 0.009765625 0.016105417276720352
0 0.923828125 0.44875549048316254 0.009765625 0.01903367496339678
0 0.94287109375 0.4633967789165447 0.0107421875 0.01903367496339678
0 0.9423828125 0.48975109809663253 0.009765625 0.01903367496339678
0 0.92138671875 0.4114202049780381 0.0087890625 0.017569546120058566
0 0.9658203125 0.3945827232796486 0.009765625 0.01903367496339678
0 0.97021484375 0.47144948755490484 0.0087890625 0.020497803806734993
0 0.966796875 0.527086383601757 0.01171875 0.02635431918008785
