0 0.1259765625 0.341796875 0.0234375 0.037760416666666664
0 0.29150390625 0.3821614583333333 0.0205078125 0.03515625
0 0.322265625 0.39518229166666663 0.0234375 0.04036458333333333
0 0.400390625 0.36002604166666663 0.01953125 0.03515625
0 0.4501953125 0.40885416666666663 0.0234375 0.0390625
0 0.4814453125 0.28580729166666663 0.033203125 0.061197916666666664
0 0.78759765625 0.25846354166666663 0.0361328125 0.05859375
0 0.71484375 0.31315104166666663 0.025390625 0.04036458333333333
0 0.63671875 0.41080729166666663 0.0234375 0.04296875
0 0.22900390625 0.32421875 0.0263671875 0.049479166666666664
0 0.9208984375 0.306640625 0.03125 0.05078125
