0 0.16259765625 0.3096632503660322 0.0615234375 0.10102489019033675
0 0.25390625 0.21595900439238652 0.044921875 0.08638360175695461
0 0.29150390625 0.1925329428989751 0.0322265625 0.06588579795021962
0 0.3427734375 0.1903367496339678 0.03125 0.06149341142020498
0 0.4609375 0.19765739385065886 0.02734375 0.0527086383601757
0 0.5341796875 0.16325036603221083 0.02734375 0.048316251830161056
0 0.60791015625 0.18594436310395315 0.0244140625 0.04685212298682284
0 0.66455078125 0.17057101024890192 0.0224609375 0.0424597364568082
0 0.7822265625 0.15739385065885797 0.021484375 0.0424597364568082
0 0.798828125 0.19472913616398244 0.017578125 0.03806734992679356
0 0.9140625 0.14421669106881407 0.021484375 0.03953147877013177
0 0.55029296875 0.21742313323572476 0.0146484375 0.03367496339677892
0 0.4443359375 0.2635431918008785 0.033203125 0.03513909224011713
