0 0.5146484375 0.33695652173913043 0.056640625 0.07525083612040134
0 0.083984375 0.21321070234113712 0.033203125 0.07190635451505016
0 0.25390625 0.18645484949832775 0.025390625 0.04180602006688963
0 0.205078125 0.17642140468227424 0.013671875 0.03177257525083612
0 0.37841796875 0.25 0.0380859375 0.07525083612040134
0 0.39794921875 0.20652173913043478 0.0185546875 0.04180602006688963
0 0.62158203125 0.1806020066889632 0.0185546875 0.043478260869565216
0 0.71826171875 0.20066889632107024 0.0244140625 0.06020066889632107
0 0.794921875 0.24163879598662208 0.037109375 0.07525083612040134
0 0.91259765625 0.21906354515050167 0.0263671875 0.06020066889632107
0 0.13232421875 0.17558528428093645 0.0166015625 0.04013377926421405
0 0.4658203125 0.17224080267558528 0.009765625 0.023411371237458192
0 0.6708984375 0.17809364548494983 0.013671875 0.03177257525083612
0 0.94970703125 0.18227424749163879 0.0146484375 0.03678929765886287
0 0.87451171875 0.1705685618729097 0.0126953125 0.023411371237458192
