0 0.08837890625 0.43373493975903615 0.0166015625 0.042168674698795185
0 0.2373046875 0.4066265060240964 0.015625 0.030120481927710843
0 0.2607421875 0.4382530120481928 0.013671875 0.03313253012048193
0 0.32958984375 0.4096385542168675 0.0224609375 0.03614457831325302
0 0.4111328125 0.38403614457831325 0.021484375 0.042168674698795185
0 0.5634765625 0.4246987951807229 0.01953125 0.04819277108433735
0 0.654296875 0.3674698795180723 0.029296875 0.07228915662650603
0 0.833984375 0.38253012048192775 0.02734375 0.060240963855421686
0 0.8017578125 0.38328313253012053 0.01953125 0.03463855421686747
0 0.8916015625 0.3780120481927711 0.01953125 0.0391566265060241
0 0.501953125 0.401355421686747 0.013671875 0.02560240963855422
0 0.52685546875 0.39759036144578314 0.0107421875 0.024096385542168676
0 0.6005859375 0.39759036144578314 0.015625 0.03313253012048193
