0 0.65234375 0.2020497803806735 0.06640625 0.12005856515373353
0 0.24267578125 0.40775988286969256 0.0361328125 0.07174231332357248
0 0.248046875 0.6207906295754027 0.04296875 0.0849194729136164
0 0.1064453125 0.6295754026354319 0.037109375 0.06734992679355783
0 0.796875 0.6244509516837482 0.029296875 0.0746705710102489
0 0.54736328125 0.43265007320644217 0.0322265625 0.06881405563689605
0 0.54541015625 0.6412884333821376 0.0341796875 0.07027818448023426
0 0.84716796875 0.4407027818448024 0.0302734375 0.06149341142020498
0 0.7890625 0.4355783308931186 0.03125 0.08052708638360176
0 0.95556640625 0.4128843338213763 0.0380859375 0.08199121522693997
0 0.11181640625 0.36676427525622257 0.0205078125 0.036603221083455345
0 0.15673828125 0.3733528550512445 0.0185546875 0.032210834553440704
0 0.06298828125 0.486090775988287 0.0244140625 0.03806734992679356
0 0.091796875 0.4758418740849195 0.015625 0.03806734992679356
0 0.18603515625 0.4407027818448024 0.0166015625 0.040995607613469986
0 0.28662109375 0.43704245973645683 0.0166015625 0.03367496339677892
0 0.50537109375 0.33455344070278187 0.0146484375 0.03367496339677892
0 0.52392578125 0.3140556368960469 0.0185546875 0.03367496339677892
0 0.54052734375 0.3806734992679356 0.0146484375 0.029282576866764276
0 0.59033203125 0.3814055636896047 0.0185546875 0.04538799414348463
0 0.43701171875 0.2562225475841874 0.0556640625 0.1259150805270864
