0 0.66796875 0.2630208333333333 0.041015625 0.10590277777777778
0 0.05224609375 0.9184027777777777 0.0302734375 0.06597222222222222
0 0.2939453125 0.931423611111111 0.02734375 0.06076388888888889
0 0.3359375 0.9184027777777777 0.025390625 0.06597222222222222
0 0.66015625 0.9279513888888888 0.0390625 0.08506944444444443
0 0.71923828125 0.9661458333333333 0.0302734375 0.057291666666666664
0 0.6318359375 0.9479166666666666 0.033203125 0.06597222222222222
0 0.93310546875 0.9270833333333333 0.0341796875 0.07638888888888888
0 0.68896484375 0.7934027777777777 0.0224609375 0.05208333333333333
0 0.2333984375 0.814236111111111 0.021484375 0.048611111111111105
0 0.17822265625 0.9027777777777777 0.0224609375 0.048611111111111105
0 0.58544921875 0.8515625 0.0205078125 0.046875
0 0.05126953125 0.697048611111111 0.0185546875 0.05381944444444444
0 0.42919921875 0.7552083333333333 0.0224609375 0.0625
0 0.49267578125 0.6605902777777778 0.0556640625 0.07118055555555555
0 0.986328125 0.9661458333333333 0.025390625 0.0642361111111111
