0 0.123046875 0.2346805736636245 0.015625 0.028683181225554105
0 0.21337890625 0.2601043024771838 0.0185546875 0.027379400260756193
0 0.30517578125 0.2920469361147327 0.0146484375 0.02607561929595828
0 0.32861328125 0.2757496740547588 0.0126953125 0.024771838331160364
0 0.40771484375 0.27444589308996087 0.0146484375 0.022164276401564535
0 0.38525390625 0.3135593220338983 0.0126953125 0.027379400260756193
0 0.46142578125 0.32464146023468055 0.0126953125 0.02346805736636245
0 0.45751953125 0.28683181225554105 0.0126953125 0.02346805736636245
0 0.478515625 0.28487614080834417 0.013671875 0.022164276401564535
0 0.73046875 0.3559322033898305 0.013671875 0.02607561929595828
0 0.71533203125 0.4511082138200782 0.0146484375 0.02607561929595828
0 0.60791015625 0.46675358539765316 0.0205078125 0.03911342894393742
0 0.6171875 0.33376792698826596 0.013671875 0.020860495436766623
0 0.546875 0.3344198174706649 0.01171875 0.022164276401564535
0 0.57763671875 0.29595827900912647 0.0126953125 0.020860495436766623
0 0.5 0.32724902216427637 0.01171875 0.02346805736636245
0 0.67626953125 0.36897001303780963 0.0107421875 0.020860495436766623
0 0.59033203125 0.34159061277705344 0.0107421875 0.020860495436766623
0 0.509765625 0.3057366362451108 0.01171875 0.022164276401564535
