0 0.15771484375 0.15690104166666666 0.0537109375 0.10286458333333333
0 0.1259765625 0.18880208333333331 0.048828125 0.08072916666666666
0 0.3759765625 0.4016927083333333 0.0546875 0.14713541666666666
0 0.51220703125 0.353515625 0.0732421875 0.15494791666666666
0 0.74755859375 0.7057291666666666 0.1083984375 0.1796875
0 0.82470703125 0.71875 0.0830078125 0.16145833333333331
0 0.69775390625 0.36002604166666663 0.0185546875 0.03515625
0 0.705078125 0.4759114583333333 0.01953125 0.029947916666666664
0 0.66650390625 0.4765625 0.0205078125 0.033854166666666664
0 0.90869140625 0.08723958333333333 0.0322265625 0.0625
