0 0.1982421875 0.140625 0.044921875 0.08854166666666666
0 0.2412109375 0.13606770833333331 0.052734375 0.08203125
0 0.68505859375 0.455078125 0.0517578125 0.11328125
0 0.72314453125 0.4602864583333333 0.0361328125 0.08723958333333333
0 0.4453125 0.8352864583333333 0.037109375 0.05598958333333333
0 0.4208984375 0.853515625 0.029296875 0.06380208333333333
0 0.939453125 0.09505208333333333 0.015625 0.03125
0 0.89599609375 0.22265625 0.0166015625 0.0234375
0 0.76611328125 0.771484375 0.0205078125 0.03255208333333333
0 0.78076171875 0.7740885416666666 0.0205078125 0.029947916666666664
