0 0.08740234375 0.3655913978494624 0.0341796875 0.06451612903225806
0 0.15185546875 0.5026881720430108 0.0419921875 0.07795698924731183
0 0.2197265625 0.4153225806451613 0.029296875 0.06182795698924732
0 0.23974609375 0.3084677419354839 0.0361328125 0.06317204301075269
0 0.3447265625 0.37634408602150543 0.029296875 0.051075268817204304
0 0.30419921875 0.5161290322580645 0.0380859375 0.06720430107526883
0 0.48193359375 0.40793010752688175 0.0322265625 0.06048387096774194
0 0.56298828125 0.3575268817204301 0.0322265625 0.06720430107526883
0 0.552734375 0.4838709677419355 0.033203125 0.05913978494623656
0 0.63525390625 0.4005376344086022 0.0283203125 0.06182795698924732
0 0.70166015625 0.3528225806451613 0.0322265625 0.06317204301075269
0 0.818359375 0.3326612903225807 0.03125 0.06048387096774194
0 0.89111328125 0.3696236559139785 0.0380859375 0.06182795698924732
0 0.779296875 0.48588709677419356 0.03125 0.06586021505376345
