0 0.48828125 0.47540983606557374 0.048828125 0.04644808743169399
0 0.73046875 0.6693989071038251 0.01953125 0.03551912568306011
0 0.96044921875 0.6728142076502732 0.0205078125 0.03415300546448088
0 0.78076171875 0.6659836065573771 0.0166015625 0.028688524590163935
0 0.8310546875 0.6830601092896175 0.015625 0.030054644808743168
0 0.88671875 0.6960382513661202 0.017578125 0.031420765027322405
0 0.67724609375 0.6728142076502732 0.0166015625 0.031420765027322405
0 0.630859375 0.6796448087431693 0.015625 0.028688524590163935
0 0.58203125 0.6728142076502732 0.013671875 0.028688524590163935
0 0.54541015625 0.6830601092896175 0.0126953125 0.02459016393442623
0 0.49462890625 0.6680327868852459 0.0146484375 0.0273224043715847
0 0.23779296875 0.6659836065573771 0.0126953125 0.023224043715846996
0 0.28125 0.680327868852459 0.01171875 0.02459016393442623
0 0.31982421875 0.6666666666666666 0.0126953125 0.02459016393442623
0 0.341796875 0.671448087431694 0.01171875 0.023224043715846996
0 0.3583984375 0.6741803278688525 0.013671875 0.028688524590163935
0 0.20068359375 0.6584699453551912 0.0146484375 0.0273224043715847
0 0.16259765625 0.662568306010929 0.0126953125 0.02459016393442623
0 0.0810546875 0.6618852459016393 0.013671875 0.028688524590163935
0 0.03857421875 0.6557377049180327 0.0126953125 0.02459016393442623
0 0.5751953125 0.2609289617486339 0.03125 0.04918032786885246
