0 0.33642578125 0.3828125 0.0263671875 0.04427083333333333
0 0.072265625 0.4368489583333333 0.0234375 0.03515625
0 0.10546875 0.439453125 0.01953125 0.02734375
0 0.2802734375 0.396484375 0.021484375 0.037760416666666664
0 0.25537109375 0.35807291666666663 0.0283203125 0.04427083333333333
0 0.39892578125 0.353515625 0.0244140625 0.04036458333333333
0 0.51611328125 0.39908854166666663 0.0205078125 0.03515625
0 0.462890625 0.46744791666666663 0.013671875 0.020833333333333332
0 0.65478515625 0.4251302083333333 0.0146484375 0.029947916666666664
0 0.5634765625 0.46940104166666663 0.009765625 0.022135416666666664
0 0.9775390625 0.34440104166666663 0.0234375 0.04296875
0 0.82275390625 0.232421875 0.0244140625 0.05859375
