0 0.9111328125 0.24088541666666666 0.083984375 0.12239583333333333
0 0.82177734375 0.32096354166666663 0.0654296875 0.09765625
0 0.7744140625 0.35221354166666663 0.046875 0.09244791666666666
0 0.62451171875 0.4055989583333333 0.0576171875 0.09244791666666666
0 0.439453125 0.43815104166666663 0.052734375 0.08463541666666666
0 0.34033203125 0.4895833333333333 0.0517578125 0.07291666666666666
0 0.29541015625 0.466796875 0.0341796875 0.06380208333333333
0 0.19775390625 0.5032552083333333 0.0341796875 0.04817708333333333
0 0.24951171875 0.5208333333333333 0.0322265625 0.05989583333333333
0 0.1171875 0.5299479166666666 0.037109375 0.0546875
0 0.064453125 0.5846354166666666 0.02734375 0.0390625
0 0.16162109375 0.560546875 0.0224609375 0.037760416666666664
0 0.0283203125 0.5416666666666666 0.01171875 0.026041666666666664
