0 0.5087890625 0.22629582806573958 0.08203125 0.056890012642225034
0 0.27001953125 0.4292035398230089 0.0400390625 0.035398230088495575
0 0.35107421875 0.4538558786346397 0.0380859375 0.034134007585335024
0 0.11083984375 0.37452591656131484 0.0380859375 0.025916561314791406
0 0.11376953125 0.3419721871049305 0.0263671875 0.022756005056890016
0 0.025390625 0.35998735777496843 0.033203125 0.02465233881163085
0 0.0673828125 0.4115044247787611 0.041015625 0.034134007585335024
0 0.2578125 0.39570164348925413 0.03515625 0.02781289506953224
0 0.673828125 0.44753476611883697 0.04296875 0.03286978508217447
0 0.810546875 0.4178255372945639 0.037109375 0.02781289506953224
0 0.91650390625 0.42098609355246525 0.0419921875 0.03160556257901391
0 0.79736328125 0.35461441213653605 0.0302734375 0.025284450063211127
0 0.67431640625 0.40802781289506956 0.0380859375 0.029709228824273074
0 0.66650390625 0.3558786346396966 0.0283203125 0.02402022756005057
0 0.98193359375 0.4004424778761062 0.0263671875 0.02338811630847029
0 0.947265625 0.3621997471554994 0.0234375 0.02149178255372946
0 0.10595703125 0.4374209860935525 0.0283203125 0.03160556257901391
0 0.57373046875 0.29709228824273076 0.0244140625 0.026548672566371685
