0 0.88037109375 0.1084788029925187 0.0517578125 0.09226932668329177
0 0.66650390625 0.11221945137157106 0.0615234375 0.10224438902743142
0 0.39501953125 0.11346633416458853 0.0634765625 0.09975062344139651
0 0.5263671875 0.18453865336658354 0.037109375 0.057356608478802994
0 0.29150390625 0.17830423940149626 0.0361328125 0.057356608478802994
0 0.15966796875 0.11596009975062344 0.0595703125 0.09975062344139651
0 0.23486328125 0.18453865336658354 0.0244140625 0.0399002493765586
0 0.3515625 0.1901496259351621 0.015625 0.031172069825436407
0 0.333984375 0.18952618453865336 0.015625 0.02743142144638404
0 0.791015625 0.20012468827930174 0.009765625 0.016209476309226933
0 0.97802734375 0.2231920199501247 0.0068359375 0.014962593516209476
0 0.99072265625 0.2194513715710723 0.0068359375 0.012468827930174564
0 0.96240234375 0.22506234413965087 0.0087890625 0.01371571072319202
0 0.556640625 0.14089775561097256 0.015625 0.02743142144638404
