0 0.7666015625 0.270501138952164 0.064453125 0.09908883826879271
0 0.86083984375 0.29157175398633256 0.0380859375 0.06605922551252848
0 0.2744140625 0.27107061503416857 0.1796875 0.27107061503416857
0 0.06884765625 0.2574031890660592 0.0732421875 0.15489749430523916
0 0.23486328125 0.05011389521640091 0.0302734375 0.04783599088838269
0 0.197265625 0.05011389521640091 0.033203125 0.04328018223234624
0 0.46826171875 0.10763097949886104 0.0263671875 0.03530751708428246
0 0.955078125 0.2984054669703872 0.01953125 0.03416856492027335
0 0.5361328125 0.2744874715261959 0.033203125 0.0592255125284738
0 0.65966796875 0.270501138952164 0.0244140625 0.04214123006833713
0 0.8037109375 0.1816628701594533 0.013671875 0.02164009111617312
0 0.8515625 0.1765375854214123 0.01171875 0.01594533029612756
0 0.88916015625 0.19533029612756264 0.0107421875 0.019362186788154895
0 0.923828125 0.2021640091116173 0.01171875 0.017084282460136675
0 0.9013671875 0.18337129840546695 0.0078125 0.01366742596810934
0 0.97802734375 0.20387243735763097 0.0087890625 0.01366742596810934
0 0.98974609375 0.19817767653758542 0.0087890625 0.01366742596810934
0 0.9599609375 0.16059225512528474 0.005859375 0.01366742596810934
0 0.9482421875 0.15888382687927105 0.0078125 0.01480637813211845
0 0.8818359375 0.17425968109339407 0.0078125 0.01366742596810934
0 0.814453125 0.15888382687927105 0.009765625 0.017084282460136675
0 0.75341796875 0.17369020501138951 0.0126953125 0.02164009111617312
0 0.71630859375 0.17369020501138951 0.0146484375 0.023917995444191344
0 0.69287109375 0.16400911161731208 0.0166015625 0.02277904328018223
0 0.60791015625 0.15660592255125283 0.0146484375 0.019362186788154895
0 0.96142578125 0.21013667425968108 0.0126953125 0.019362186788154895
