0 0.19921875 0.16440677966101697 0.0546875 0.07570621468926554
0 0.43408203125 0.18022598870056497 0.0517578125 0.0847457627118644
0 0.4892578125 0.24858757062146894 0.046875 0.0655367231638418
0 0.6103515625 0.24519774011299436 0.05078125 0.0768361581920904
0 0.763671875 0.18022598870056497 0.060546875 0.08700564971751412
0 0.9326171875 0.28135593220338984 0.02734375 0.0384180790960452
0 0.7041015625 0.2672316384180791 0.03125 0.05084745762711865
0 0.7255859375 0.25310734463276835 0.025390625 0.04745762711864407
0 0.7548828125 0.26949152542372884 0.0234375 0.03954802259887006
0 0.96728515625 0.2305084745762712 0.0224609375 0.02937853107344633
0 0.63623046875 0.2129943502824859 0.0556640625 0.06892655367231638
