0 0.72216796875 0.12949836423118866 0.1494140625 0.10632497273718648
0 0.90283203125 0.07851690294438386 0.0498046875 0.03707742639040349
0 0.84423828125 0.04607415485278081 0.0498046875 0.0376226826608506
0 0.7470703125 0.023991275899672846 0.041015625 0.02617230098146129
0 0.609375 0.0065430752453653224 0.037109375 0.014176663031624865
0 0.599609375 0.07633587786259542 0.046875 0.03707742639040349
0 0.47216796875 0.0916030534351145 0.0751953125 0.04689203925845147
0 0.24755859375 0.03980370774263904 0.0888671875 0.07088331515812432
0 0.5078125 0.02889858233369684 0.033203125 0.02617230098146129
0 0.40576171875 0.024536532170119956 0.0361328125 0.02726281352235551
0 0.37158203125 0.026990185387131955 0.0322265625 0.0267175572519084
0 0.28271484375 0.013631406761177755 0.0361328125 0.02835332606324973
0 0.29443359375 0.0806979280261723 0.0478515625 0.04580152671755725
0 0.12646484375 0.05261723009814613 0.0771484375 0.05834242093784079
0 0.02197265625 0.03435114503816794 0.0458984375 0.0534351145038168
