0 0.7822265625 0.2890625 0.068359375 0.080078125
0 0.26025390625 0.28271484375 0.0888671875 0.0927734375
0 0.103515625 0.28857421875 0.013671875 0.0146484375
0 0.0126953125 0.298828125 0.015625 0.017578125
0 0.82958984375 0.73193359375 0.0869140625 0.1083984375
0 0.2939453125 0.80126953125 0.064453125 0.0771484375
0 0.6845703125 0.7197265625 0.017578125 0.01953125
0 0.64794921875 0.7314453125 0.0087890625 0.01171875
0 0.92724609375 0.708984375 0.0283203125 0.029296875
0 0.58251953125 0.2880859375 0.0166015625 0.0234375
0 0.1669921875 0.81494140625 0.013671875 0.0146484375
0 0.888671875 0.26513671875 0.01171875 0.0185546875
0 0.6142578125 0.7294921875 0.01171875 0.013671875
