0 0.42333984375 0.17778620166793024 0.0908203125 0.08718726307808947
0 0.552734375 0.1360879454131918 0.0859375 0.08718726307808947
0 0.7158203125 0.19294920394238058 0.033203125 0.0356330553449583
0 0.64892578125 0.19863532979529946 0.0283203125 0.034874905231235785
0 0.83154296875 0.06709628506444276 0.0302734375 0.03411675511751327
0 0.8974609375 0.06823351023502654 0.03515625 0.03335860500379075
0 0.896484375 0.020849128127369217 0.037109375 0.0310841546626232
0 0.98486328125 0.11372251705837756 0.0283203125 0.03639120545868082
0 0.3837890625 0.07543593631539044 0.041015625 0.043214556482183475
0 0.18212890625 0.07050796057619409 0.0400390625 0.03639120545868082
0 0.06201171875 0.07278241091736164 0.0419921875 0.039423805913570885
0 0.06396484375 0.15655799848369978 0.0537109375 0.058377558756633814
0 0.662109375 0.13078089461713419 0.0078125 0.008339651250947688
0 0.64892578125 0.051933282789992416 0.0166015625 0.028051554207733132
0 0.69189453125 0.05382865807429871 0.0224609375 0.027293404094010612
0 0.12841796875 0.12319939347990902 0.0537109375 0.05534495830174375
0 0.20849609375 0.2100075815011372 0.0615234375 0.056103108415466264
0 0.25048828125 0.15769522365428354 0.0537109375 0.05155420773313116
