0 0.921875 0.31366906474820144 0.052734375 0.08920863309352518
0 0.85986328125 0.25467625899280577 0.0458984375 0.08920863309352518
0 0.79052734375 0.1460431654676259 0.0498046875 0.10215827338129496
0 0.66064453125 0.06618705035971223 0.0517578125 0.09784172661870504
0 0.52587890625 0.27266187050359714 0.0478515625 0.09640287769784173
0 0.4521484375 0.18129496402877698 0.0546875 0.09496402877697842
0 0.3701171875 0.16115107913669066 0.0546875 0.09496402877697842
0 0.31494140625 0.0985611510791367 0.0419921875 0.09928057553956834
0 0.310546875 0.04316546762589928 0.044921875 0.08345323741007195
0 0.099609375 0.33525179856115106 0.046875 0.0920863309352518
0 0.0322265625 0.2654676258992806 0.048828125 0.09928057553956834
0 0.0400390625 0.03741007194244604 0.052734375 0.07769784172661871
0 0.767578125 0.04244604316546763 0.044921875 0.08776978417266187
