0 0.84228515625 0.32004830917874394 0.0869140625 0.2826086956521739
0 0.51318359375 0.12801932367149757 0.0283203125 0.08695652173913043
0 0.54296875 0.10507246376811594 0.017578125 0.05072463768115942
0 0.4541015625 0.14251207729468598 0.01953125 0.05797101449275362
0 0.25732421875 0.056763285024154585 0.0302734375 0.0893719806763285
0 0.31640625 0.0893719806763285 0.0234375 0.08695652173913043
0 0.30419921875 0.10144927536231883 0.0224609375 0.0966183574879227
0 0.404296875 0.20048309178743962 0.02734375 0.08695652173913043
0 0.18115234375 0.12560386473429952 0.0146484375 0.043478260869565216
0 0.091796875 0.12560386473429952 0.033203125 0.09178743961352656
