0 0.7998046875 0.15742857142857145 0.037109375 0.029142857142857144
0 0.63232421875 0.1442857142857143 0.0302734375 0.021142857142857144
0 0.94677734375 0.12200000000000001 0.0341796875 0.02
0 0.96533203125 0.2762857142857143 0.0458984375 0.03371428571428572
0 0.9150390625 0.2611428571428572 0.046875 0.03085714285714286
0 0.83740234375 0.24942857142857144 0.0498046875 0.037142857142857144
0 0.72509765625 0.24600000000000002 0.0556640625 0.03485714285714286
0 0.62939453125 0.21142857142857144 0.0380859375 0.03085714285714286
0 0.2177734375 0.15857142857142859 0.03515625 0.025714285714285717
0 0.18798828125 0.16285714285714287 0.0302734375 0.024
0 0.98828125 0.23800000000000002 0.021484375 0.029142857142857144
0 0.00927734375 0.14857142857142858 0.0205078125 0.020571428571428574
0 0.00537109375 0.2022857142857143 0.0126953125 0.028571428571428574
0 0.36279296875 0.09342857142857143 0.0322265625 0.024571428571428574
0 0.2509765625 0.2322857142857143 0.06640625 0.04171428571428572
0 0.10888671875 0.21742857142857144 0.0302734375 0.025714285714285717
