0 0.8115234375 0.16471354166666666 0.052734375 0.0390625
0 0.97265625 0.119140625 0.04296875 0.029947916666666664
0 0.88134765625 0.05110677083333333 0.0361328125 0.031901041666666664
0 0.46240234375 0.1083984375 0.1142578125 0.08528645833333333
0 0.20703125 0.1005859375 0.126953125 0.07486979166666666
0 0.66796875 0.16536458333333331 0.046875 0.0390625
0 0.5556640625 0.15462239583333331 0.037109375 0.030598958333333332
0 0.70556640625 0.09505208333333333 0.0283203125 0.026041666666666664
0 0.79150390625 0.12890625 0.0400390625 0.03515625
0 0.7529296875 0.1591796875 0.046875 0.039713541666666664
0 0.65771484375 0.12337239583333333 0.0498046875 0.03450520833333333
0 0.974609375 0.203125 0.046875 0.03645833333333333
