0 0.033203125 0.23240469208211142 0.03515625 0.054252199413489736
0 0.30517578125 0.24780058651026393 0.0263671875 0.05865102639296188
0 0.27197265625 0.21334310850439883 0.0185546875 0.039589442815249266
0 0.150390625 0.281524926686217 0.021484375 0.04398826979472141
0 0.43310546875 0.2587976539589443 0.0380859375 0.06304985337243402
0 0.52978515625 0.24486803519061584 0.0224609375 0.04105571847507331
0 0.49658203125 0.22067448680351906 0.0185546875 0.030791788856304986
0 0.63427734375 0.22727272727272727 0.0205078125 0.04105571847507331
0 0.7333984375 0.1906158357771261 0.025390625 0.04398826979472141
0 0.79296875 0.2653958944281525 0.017578125 0.02932551319648094
0 0.9580078125 0.19208211143695014 0.017578125 0.04398826979472141
0 0.35205078125 0.23020527859237536 0.0244140625 0.04398826979472141
0 0.47802734375 0.22287390029325513 0.0146484375 0.02932551319648094
0 0.458984375 0.24266862170087977 0.01171875 0.024926686217008796
0 0.18701171875 0.27712609970674484 0.0166015625 0.03225806451612903
