0 0.0458984375 0.310546875 0.037109375 0.07682291666666666
0 0.19287109375 0.28776041666666663 0.0419921875 0.09375
0 0.21728515625 0.35221354166666663 0.0205078125 0.03255208333333333
0 0.25634765625 0.34635416666666663 0.0185546875 0.028645833333333332
0 0.341796875 0.3098958333333333 0.037109375 0.057291666666666664
0 0.40478515625 0.3177083333333333 0.0185546875 0.028645833333333332
0 0.47265625 0.3333333333333333 0.04296875 0.0703125
0 0.583984375 0.29752604166666663 0.0390625 0.05859375
0 0.6904296875 0.3079427083333333 0.01953125 0.02734375
0 0.7236328125 0.25065104166666663 0.048828125 0.10026041666666666
0 0.97705078125 0.23763020833333331 0.0439453125 0.07942708333333333
0 0.53466796875 0.30729166666666663 0.0185546875 0.033854166666666664
