0 0.1396484375 0.3177083333333333 0.01953125 0.028645833333333332
0 0.18212890625 0.3157552083333333 0.0166015625 0.029947916666666664
0 0.21728515625 0.3294270833333333 0.0146484375 0.026041666666666664
0 0.2578125 0.31640625 0.015625 0.026041666666666664
0 0.2890625 0.3046875 0.015625 0.028645833333333332
0 0.32421875 0.333984375 0.013671875 0.022135416666666664
0 0.341796875 0.30859375 0.01171875 0.020833333333333332
0 0.37744140625 0.3235677083333333 0.0126953125 0.024739583333333332
0 0.419921875 0.3274739583333333 0.01171875 0.022135416666666664
0 0.4453125 0.32682291666666663 0.01171875 0.020833333333333332
0 0.48095703125 0.34440104166666663 0.0126953125 0.01953125
0 0.49853515625 0.30078125 0.0146484375 0.020833333333333332
0 0.5029296875 0.3359375 0.013671875 0.018229166666666664
0 0.5234375 0.3196614583333333 0.01171875 0.024739583333333332
