0 0.46923828125 0.33907363420427555 0.0205078125 0.04156769596199525
0 0.951171875 0.37114014251781474 0.017578125 0.048693586698337295
0 0.953125 0.5332541567695962 0.025390625 0.05938242280285036
0 0.70068359375 0.6757719714964371 0.0087890625 0.0166270783847981
0 0.7177734375 0.661520190023753 0.009765625 0.014251781472684086
0 0.849609375 0.6828978622327792 0.009765625 0.011876484560570073
0 0.27001953125 0.7707838479809976 0.0126953125 0.02137767220902613
0 0.53759765625 0.8568883610451307 0.0107421875 0.015439429928741094
0 0.54052734375 0.8099762470308789 0.0107421875 0.019002375296912115
0 0.427734375 0.6324228028503563 0.013671875 0.022565320665083138
0 0.466796875 0.6656769596199525 0.0078125 0.013064133016627079
0 0.779296875 0.6716152019002376 0.009765625 0.017814726840855107
0 0.9853515625 0.44714964370546323 0.02734375 0.07719714964370547
0 0.9853515625 0.35748218527315917 0.02734375 0.05938242280285036
0 0.2490234375 0.6336104513064134 0.0078125 0.017814726840855107
0 0.306640625 0.6401425178147269 0.009765625 0.019002375296912115
0 0.81103515625 0.40736342042755347 0.0341796875 0.04750593824228029
0 0.826171875 0.6401425178147269 0.009765625 0.014251781472684086
0 0.8642578125 0.6870546318289786 0.0078125 0.00831353919239905
0 0.87109375 0.6852731591448932 0.005859375 0.009501187648456057
0 0.82470703125 0.6870546318289786 0.0126953125 0.015439429928741094
0 0.0380859375 0.5243467933491687 0.00390625 0.00831353919239905
0 0.04345703125 0.5249406175771971 0.0029296875 0.007125890736342043
0 0.033203125 0.5201900237529692 0.00390625 0.007125890736342043
