0 0.71240234375 0.06281725888324872 0.0263671875 0.04695431472081218
0 0.927734375 0.038705583756345176 0.029296875 0.03934010152284264
0 0.6103515625 0.10850253807106598 0.01953125 0.031725888324873094
0 0.92529296875 0.15609137055837563 0.0166015625 0.027918781725888322
0 0.8818359375 0.5996192893401014 0.015625 0.04187817258883248
0 0.6201171875 0.574238578680203 0.015625 0.031725888324873094
0 0.1171875 0.024746192893401013 0.033203125 0.03680203045685279
0 0.09033203125 0.2449238578680203 0.0166015625 0.025380710659898477
0 0.47265625 0.05520304568527919 0.033203125 0.049492385786802026
0 0.365234375 0.03743654822335025 0.013671875 0.021573604060913704
0 0.4736328125 0.15736040609137056 0.017578125 0.027918781725888322
0 0.48583984375 0.2861675126903553 0.0283203125 0.08248730964467005
0 0.5654296875 0.22842639593908629 0.017578125 0.027918781725888322
0 0.12109375 0.523477157360406 0.02734375 0.03680203045685279
0 0.37255859375 0.5368020304568527 0.0146484375 0.02284263959390863
0 0.4775390625 0.5501269035532994 0.03125 0.05710659898477157
0 0.47998046875 0.6529187817258882 0.0205078125 0.029187817258883246
0 0.490234375 0.7810913705583755 0.01953125 0.06979695431472081
0 0.5849609375 0.015862944162436547 0.03125 0.031725888324873094
0 0.09326171875 0.6142131979695431 0.0185546875 0.03045685279187817
0 0.15185546875 0.6307106598984771 0.0146484375 0.03045685279187817
