0 0.53466796875 0.33620689655172414 0.0126953125 0.022546419098143235
0 0.57958984375 0.3806366047745358 0.0126953125 0.023872679045092837
0 0.3134765625 0.4522546419098143 0.015625 0.029177718832891244
0 0.6396484375 0.5583554376657824 0.015625 0.029177718832891244
0 0.60107421875 0.42705570291777184 0.0166015625 0.034482758620689655
0 0.609375 0.4641909814323607 0.01171875 0.029177718832891244
0 0.734375 0.04045092838196286 0.01171875 0.02519893899204244
0 0.9150390625 0.4396551724137931 0.01171875 0.022546419098143235
0 0.94287109375 0.6584880636604774 0.0166015625 0.030503978779840846
0 0.9794921875 0.6816976127320955 0.01953125 0.034482758620689655
