0 0.02490234375 0.2847730600292826 0.0517578125 0.12445095168374817
0 0.3837890625 0.3616398243045388 0.103515625 0.17862371888726208
0 0.67724609375 0.2825768667642753 0.0732421875 0.1581259150805271
0 0.83251953125 0.4333821376281113 0.1279296875 0.23133235724743778
0 0.515625 0.39092240117130306 0.03125 0.06734992679355783
0 0.61572265625 0.3404099560761347 0.0185546875 0.09809663250366032
0 0.4736328125 0.369692532942899 0.017578125 0.05417276720351391
0 0.45166015625 0.2957540263543192 0.0146484375 0.029282576866764276
0 0.451171875 0.38726207906295756 0.01953125 0.0424597364568082
0 0.59326171875 0.38726207906295756 0.0302734375 0.0629575402635432
0 0.28271484375 0.2745241581259151 0.0693359375 0.20937042459736457
