0 0.2255859375 0.24040767386091125 0.0546875 0.08752997601918465
0 0.06103515625 0.315947242206235 0.0537109375 0.07314148681055155
0 0.84130859375 0.30095923261390883 0.0126953125 0.019184652278177457
0 0.9365234375 0.5023980815347722 0.021484375 0.03357314148681055
0 0.9609375 0.46163069544364504 0.01953125 0.02398081534772182
0 0.85986328125 0.42206235011990406 0.0263671875 0.04556354916067146
0 0.41650390625 0.25239808153477217 0.0634765625 0.08992805755395683
0 0.59326171875 0.3453237410071942 0.1142578125 0.2158273381294964
0 0.73291015625 0.3213429256594724 0.0400390625 0.0671462829736211
0 0.01513671875 0.34952038369304556 0.0263671875 0.04676258992805755
