0 0.57373046875 0.4934725848563969 0.0517578125 0.09660574412532637
0 0.31298828125 0.610313315926893 0.0498046875 0.08746736292428199
0 0.435546875 0.445822454308094 0.046875 0.09007832898172324
0 0.58544921875 0.3557441253263708 0.0439453125 0.07441253263707572
0 0.50830078125 0.3896866840731071 0.0380859375 0.07441253263707572
0 0.392578125 0.368798955613577 0.041015625 0.0587467362924282
0 0.2958984375 0.37402088772845954 0.04296875 0.0639686684073107
0 0.37109375 0.47715404699738906 0.046875 0.08224543080939947
0 0.2509765625 0.42036553524804177 0.05078125 0.0783289817232376
0 0.802734375 0.5254569190600522 0.056640625 0.10835509138381201
