0 0.2958984375 0.20937042459736457 0.0234375 0.043923865300146414
0 0.521484375 0.37481698389458273 0.033203125 0.07906295754026355
0 0.7197265625 0.24890190336749635 0.025390625 0.06442166910688141
0 0.34375 0.3806734992679356 0.068359375 0.1376281112737921
0 0.49609375 0.5468521229868228 0.083984375 0.14202049780380674
0 0.79638671875 0.36822840409956076 0.0654296875 0.14494875549048317
0 0.29248046875 0.4882869692532943 0.0419921875 0.1800878477306003
0 0.357421875 0.25109809663250365 0.052734375 0.0951683748169839
0 0.662109375 0.4363103953147877 0.0625 0.13177159590043924
0 0.6220703125 0.23865300146412885 0.03125 0.06442166910688141
0 0.44384765625 0.2752562225475842 0.0419921875 0.06442166910688141
0 0.46240234375 0.25036603221083453 0.0400390625 0.07613469985358712
0 0.38916015625 0.20863836017569548 0.0263671875 0.05710102489019034
0 0.873046875 0.35431918008784774 0.044921875 0.11420204978038068
0 0.93896484375 0.36603221083455345 0.0302734375 0.06734992679355783
0 0.48876953125 0.37481698389458273 0.0478515625 0.1171303074670571
0 0.38818359375 0.36603221083455345 0.0458984375 0.12298682284040996
0 0.5029296875 0.24816983894582723 0.0234375 0.060029282576866766
0 0.49609375 0.1808199121522694 0.0234375 0.03953147877013177
