0 0.8681640625 0.3234924623115578 0.015625 0.028894472361809045
0 0.8662109375 0.29962311557788945 0.01171875 0.013819095477386936
0 0.9423828125 0.31595477386934673 0.009765625 0.01884422110552764
0 0.9306640625 0.3121859296482412 0.009765625 0.016331658291457288
0 0.6728515625 0.056532663316582916 0.017578125 0.06030150753768844
0 0.32421875 0.06532663316582915 0.03125 0.0678391959798995
0 0.5751953125 0.025753768844221106 0.02734375 0.04648241206030151
0 0.81884765625 0.05150753768844221 0.0068359375 0.017587939698492462
0 0.92041015625 0.0728643216080402 0.0087890625 0.017587939698492462
0 0.94921875 0.0785175879396985 0.0078125 0.01884422110552764
0 0.841796875 0.05464824120603015 0.005859375 0.013819095477386936
0 0.71826171875 0.29020100502512564 0.0341796875 0.05025125628140704
