0 0.5341796875 0.5006527415143603 0.044921875 0.07702349869451697
0 0.66796875 0.5339425587467364 0.005859375 0.013054830287206266
0 0.60888671875 0.533289817232376 0.0068359375 0.01174934725848564
0 0.7412109375 0.529373368146214 0.013671875 0.02741514360313316
0 0.81103515625 0.5404699738903395 0.0126953125 0.02349869451697128
0 0.9462890625 0.5704960835509139 0.01171875 0.02349869451697128
0 0.01171875 0.5058746736292429 0.015625 0.03524804177545692
0 0.05029296875 0.4549608355091384 0.0146484375 0.024804177545691905
0 0.1103515625 0.5026109660574413 0.01953125 0.033942558746736295
0 0.34228515625 0.5045691906005222 0.0048828125 0.009138381201044387
0 0.693359375 0.5280678851174935 0.005859375 0.01174934725848564
0 0.80224609375 0.5509138381201044 0.0107421875 0.018276762402088774
0 0.56982421875 0.5398172323759791 0.0107421875 0.01174934725848564
