0 0.1591796875 0.6126453488372093 0.017578125 0.06831395348837209
0 0.8193359375 0.342296511627907 0.015625 0.03343023255813953
0 0.8046875 0.3335755813953488 0.013671875 0.030523255813953487
0 0.7607421875 0.32921511627906974 0.017578125 0.03343023255813953
0 0.70849609375 0.35247093023255816 0.0166015625 0.03924418604651163
0 0.73583984375 0.33430232558139533 0.0126953125 0.026162790697674417
0 0.67626953125 0.3699127906976744 0.0166015625 0.03343023255813953
0 0.63037109375 0.375 0.0166015625 0.03488372093023256
0 0.58740234375 0.3793604651162791 0.0166015625 0.03488372093023256
0 0.6611328125 0.30450581395348836 0.01171875 0.024709302325581394
0 0.6787109375 0.3132267441860465 0.009765625 0.02180232558139535
0 0.568359375 0.36700581395348836 0.015625 0.030523255813953487
0 0.08251953125 0.42950581395348836 0.0146484375 0.027616279069767442
0 0.06982421875 0.3190406976744186 0.0146484375 0.024709302325581394
0 0.08984375 0.2957848837209302 0.01171875 0.024709302325581394
0 0.1005859375 0.3335755813953488 0.01171875 0.024709302325581394
0 0.263671875 0.3386627906976744 0.009765625 0.023255813953488372
0 0.28173828125 0.32194767441860467 0.0107421875 0.024709302325581394
0 0.29736328125 0.3481104651162791 0.0146484375 0.03343023255813953
0 0.31982421875 0.3793604651162791 0.0166015625 0.0436046511627907
0 0.37109375 0.3691860465116279 0.015625 0.0377906976744186
0 0.39990234375 0.37136627906976744 0.0185546875 0.036337209302325583
0 0.46044921875 0.342296511627907 0.0166015625 0.04215116279069767
0 0.525390625 0.3793604651162791 0.015625 0.03197674418604651
0 0.283203125 0.4018895348837209 0.021484375 0.03924418604651163
0 0.236328125 0.36046511627906974 0.013671875 0.03488372093023256
0 0.20166015625 0.376453488372093 0.0205078125 0.0377906976744186
0 0.17333984375 0.34738372093023256 0.0205078125 0.029069767441860465
0 0.31396484375 0.3183139534883721 0.0107421875 0.020348837209302327
0 0.337890625 0.3386627906976744 0.01171875 0.023255813953488372
0 0.3642578125 0.311046511627907 0.009765625 0.023255813953488372
0 0.390625 0.3263081395348837 0.01171875 0.027616279069767442
0 0.55078125 0.3372093023255814 0.01171875 0.023255813953488372
0 0.52001953125 0.3168604651162791 0.0126953125 0.023255813953488372
0 0.4853515625 0.33066860465116277 0.009765625 0.0188953488372093
0 0.43017578125 0.3444767441860465 0.0166015625 0.03197674418604651
0 0.451171875 0.3481104651162791 0.015625 0.03343023255813953
0 0.32763671875 0.3568313953488372 0.0146484375 0.03343023255813953
0 0.27734375 0.3023255813953488 0.01171875 0.026162790697674417
0 0.423828125 0.311046511627907 0.0078125 0.026162790697674417
0 0.58056640625 0.3183139534883721 0.0087890625 0.023255813953488372
0 0.56298828125 0.3263081395348837 0.0068359375 0.024709302325581394
0 0.61328125 0.33648255813953487 0.01171875 0.030523255813953487
