0 0.55712890625 0.40987933634992463 0.0224609375 0.018853695324283562
0 0.61328125 0.40158371040723984 0.0234375 0.023378582202111614
0 0.68994140625 0.4102564102564103 0.0302734375 0.030165912518853696
0 0.7333984375 0.41478129713423834 0.0078125 0.00904977375565611
0 0.87109375 0.06749622926093514 0.021484375 0.023378582202111614
0 0.8916015625 0.032805429864253395 0.01953125 0.018853695324283562
0 0.30419921875 0.05618401206636501 0.0087890625 0.008295625942684766
0 0.4013671875 0.058823529411764705 0.01171875 0.010558069381598794
0 0.37158203125 0.05995475113122172 0.0107421875 0.00980392156862745
0 0.32763671875 0.06033182503770739 0.0087890625 0.007541478129713424
0 0.08349609375 0.18627450980392157 0.0185546875 0.013574660633484163
0 0.1328125 0.1821266968325792 0.017578125 0.01583710407239819
0 0.02197265625 0.1821266968325792 0.0068359375 0.011312217194570135
0 0.1728515625 0.193815987933635 0.005859375 0.007541478129713424
0 0.201171875 0.19230769230769232 0.00390625 0.004524886877828055
0 0.046875 0.18929110105580696 0.0078125 0.007541478129713424
0 0.115234375 0.5614630467571644 0.03515625 0.04147812971342383
0 0.1865234375 0.5976621417797888 0.01171875 0.012820512820512822
0 0.2138671875 0.5969079939668175 0.0078125 0.00980392156862745
0 0.0234375 0.6138763197586727 0.0078125 0.00904977375565611
0 0.66455078125 0.5693815987933635 0.0302734375 0.03619909502262444
0 0.7900390625 0.5874811463046757 0.0234375 0.02262443438914027
0 0.89501953125 0.5784313725490197 0.0263671875 0.025641025641025644
0 0.87255859375 0.5810708898944194 0.0146484375 0.017345399698340876
0 0.73876953125 0.5882352941176471 0.0107421875 0.013574660633484163
0 0.07275390625 0.06447963800904978 0.0146484375 0.014328808446455506
0 0.10595703125 0.057692307692307696 0.0146484375 0.014328808446455506
0 0.15771484375 0.06900452488687783 0.0126953125 0.012820512820512822
0 0.21484375 0.07692307692307693 0.01171875 0.010558069381598794
0 0.0732421875 0.3465309200603318 0.025390625 0.026395173453996983
0 0.13232421875 0.35558069381598795 0.0205078125 0.0248868778280543
0 0.31103515625 0.37141779788838614 0.0146484375 0.01583710407239819
0 0.28564453125 0.3453996983408748 0.0068359375 0.007541478129713424
0 0.2978515625 0.35067873303167424 0.005859375 0.006033182503770739
0 0.3681640625 0.3487933634992459 0.009765625 0.008295625942684766
0 0.33935546875 0.3729260935143288 0.0126953125 0.011312217194570135
0 0.42431640625 0.37141779788838614 0.0107421875 0.014328808446455506
0 0.83056640625 0.4913273001508296 0.0205078125 0.020361990950226245
0 0.82958984375 0.4622926093514329 0.0146484375 0.012066365007541479
0 0.95166015625 0.49321266968325794 0.0244140625 0.027149321266968326
0 0.76806640625 0.48265460030165913 0.0126953125 0.025641025641025644
0 0.39599609375 0.7149321266968326 0.0126953125 0.01809954751131222
0 0.42041015625 0.7100301659125189 0.0126953125 0.014328808446455506
0 0.46142578125 0.7122926093514329 0.0126953125 0.01583710407239819
0 0.24951171875 0.717948717948718 0.0048828125 0.004524886877828055
0 0.0341796875 0.9170437405731524 0.015625 0.01809954751131222
0 0.1591796875 0.9023378582202112 0.009765625 0.00980392156862745
0 0.13720703125 0.8917797888386124 0.0048828125 0.005279034690799397
0 0.32177734375 0.8766968325791855 0.0205078125 0.018853695324283562
0 0.36083984375 0.8895173453996984 0.0185546875 0.018853695324283562
0 0.41259765625 0.8898944193061841 0.0126953125 0.012066365007541479
0 0.47509765625 0.8838612368024134 0.0126953125 0.012066365007541479
0 0.43994140625 0.8936651583710408 0.0087890625 0.012066365007541479
0 0.46630859375 0.8906485671191554 0.0068359375 0.007541478129713424
0 0.72607421875 0.8122171945701357 0.0400390625 0.03619909502262444
0 0.6318359375 0.8374811463046757 0.029296875 0.026395173453996983
0 0.65966796875 0.832579185520362 0.0146484375 0.015082956259426848
0 0.80078125 0.8295625942684767 0.0390625 0.037707390648567124
0 0.76904296875 0.8382352941176471 0.0146484375 0.018853695324283562
0 0.9052734375 0.8318250377073907 0.005859375 0.012066365007541479
0 0.91455078125 0.8367269984917044 0.0087890625 0.011312217194570135
0 0.22802734375 0.2341628959276018 0.0107421875 0.00980392156862745
0 0.25732421875 0.2330316742081448 0.0068359375 0.00904977375565611
0 0.24267578125 0.2281297134238311 0.0068359375 0.008295625942684766
0 0.3828125 0.23906485671191555 0.01171875 0.010558069381598794
0 0.40283203125 0.23378582202111614 0.0107421875 0.010558069381598794
0 0.46142578125 0.2515082956259427 0.0166015625 0.01583710407239819
0 0.3447265625 0.23529411764705882 0.0078125 0.00904977375565611
0 0.2744140625 0.22549019607843138 0.005859375 0.007541478129713424
0 0.4765625 0.2473604826546003 0.01171875 0.013574660633484163
0 0.48095703125 0.23001508295625944 0.0087890625 0.00904977375565611
0 0.4921875 0.22888386123680243 0.005859375 0.006787330316742082
0 0.61376953125 0.5942684766214178 0.0224609375 0.025641025641025644
0 0.30810546875 0.5109351432880845 0.0087890625 0.012820512820512822
0 0.359375 0.5098039215686275 0.015625 0.015082956259426848
0 0.27197265625 0.5101809954751132 0.0068359375 0.008295625942684766
0 0.23876953125 0.5101809954751132 0.0068359375 0.008295625942684766
0 0.42919921875 0.5196078431372549 0.0068359375 0.007541478129713424
0 0.40283203125 0.5211161387631976 0.0068359375 0.007541478129713424
0 0.0517578125 0.8921568627450981 0.00390625 0.006033182503770739
0 0.3291015625 0.7198340874811463 0.00390625 0.005279034690799397
0 0.53955078125 0.7122926093514329 0.0087890625 0.00980392156862745
0 0.5830078125 0.2911010558069382 0.00390625 0.004524886877828055
0 0.54443359375 0.2828054298642534 0.0029296875 0.007541478129713424
0 0.89013671875 0.2669683257918552 0.0029296875 0.004524886877828055
0 0.740234375 0.2880844645550528 0.00390625 0.006033182503770739
0 0.76171875 0.2880844645550528 0.00390625 0.007541478129713424
0 0.78271484375 0.28431372549019607 0.0029296875 0.006033182503770739
0 0.62548828125 0.29411764705882354 0.0029296875 0.0030165912518853697
0 0.630859375 0.30957767722473606 0.005859375 0.005279034690799397
0 0.6923828125 0.20550527903469082 0.00390625 0.003770739064856712
0 0.8203125 0.24962292609351433 0.00390625 0.004524886877828055
0 0.5244140625 0.3065610859728507 0.00390625 0.005279034690799397
0 0.61572265625 0.29675716440422323 0.0029296875 0.003770739064856712
0 0.65087890625 0.29374057315233787 0.0048828125 0.005279034690799397
0 0.6435546875 0.3114630467571644 0.005859375 0.004524886877828055
0 0.18701171875 0.3642533936651584 0.0068359375 0.006033182503770739
0 0.0126953125 0.5991704374057315 0.0078125 0.00980392156862745
0 0.58154296875 0.8487933634992458 0.0126953125 0.011312217194570135
