0 0.05859375 0.29039634146341464 0.046875 0.11128048780487805
0 0.15283203125 0.23094512195121952 0.0537109375 0.12652439024390244
0 0.22607421875 0.2660060975609756 0.0712890625 0.15701219512195122
0 0.35400390625 0.16234756097560976 0.0693359375 0.15396341463414634
0 0.439453125 0.16463414634146342 0.076171875 0.16463414634146342
0 0.5341796875 0.19207317073170732 0.08984375 0.18292682926829268
0 0.607421875 0.18445121951219512 0.044921875 0.08841463414634147
0 0.67333984375 0.17606707317073172 0.0439453125 0.1051829268292683
0 0.76611328125 0.25152439024390244 0.0556640625 0.12195121951219512
0 0.82958984375 0.2629573170731707 0.0849609375 0.16615853658536586
0 0.982421875 0.2576219512195122 0.033203125 0.14939024390243902
0 0.80419921875 0.2378048780487805 0.0771484375 0.15548780487804878
