0 0.4873046875 0.5058027079303675 0.271484375 0.7562862669245648
0 0.1640625 0.30174081237911027 0.04296875 0.09671179883945842
0 0.0888671875 0.28336557059961315 0.0234375 0.06382978723404255
0 0.03466796875 0.20986460348162475 0.0263671875 0.06382978723404255
0 0.06298828125 0.16924564796905223 0.0185546875 0.05222437137330754
0 0.236328125 0.18181818181818182 0.03515625 0.0735009671179884
0 0.01171875 0.2263056092843327 0.013671875 0.06576402321083172
0 0.154296875 0.06576402321083172 0.017578125 0.0425531914893617
0 0.68603515625 0.19922630560928434 0.1650390625 0.37524177949709864
0 0.88525390625 0.3665377176015474 0.0166015625 0.0367504835589942
0 0.89990234375 0.4274661508704062 0.0224609375 0.04642166344294004
0 0.93798828125 0.44390715667311414 0.0341796875 0.07156673114119923
0 0.93505859375 0.26692456479690524 0.0166015625 0.04642166344294004
0 0.97607421875 0.2775628626692456 0.0166015625 0.0367504835589942
0 0.77099609375 0.3413926499032882 0.0166015625 0.029013539651837523
