0 0.5843373493975904 0.3169164882226981 0.03855421686746988 0.06423982869379015
0 0.7403614457831326 0.3554603854389722 0.027710843373493978 0.0556745182012848
0 0.805421686746988 0.4036402569593148 0.032530120481927716 0.062098501070663815
0 0.9084337349397591 0.4079229122055675 0.02168674698795181 0.05353319057815846
0 0.7481927710843375 0.28372591006423986 0.026506024096385545 0.044967880085653104
0 0.7566265060240964 0.24197002141327625 0.02168674698795181 0.04282655246252677
0 0.663855421686747 0.2623126338329765 0.026506024096385545 0.05353319057815846
0 0.6740963855421688 0.20985010706638116 0.025301204819277112 0.047109207708779445
0 0.7487951807228916 0.20021413276231265 0.01807228915662651 0.036402569593147756
0 0.591566265060241 0.1605995717344754 0.012048192771084338 0.029978586723768737
0 0.6216867469879519 0.20235546038543897 0.014457831325301207 0.032119914346895075
0 0.5349397590361447 0.19057815845824413 0.02168674698795181 0.03854389721627409
