0 0.02740270055599682 0.4231843575418995 0.019857029388403495 0.0446927374301676
0 0.45194598888006354 0.4092178770949721 0.022239872915011914 0.04189944134078213
0 0.5309769658459095 0.4029329608938548 0.021445591739475772 0.054469273743016765
0 0.523034154090548 0.3505586592178771 0.019857029388403495 0.04189944134078213
0 0.5472597299444003 0.27932960893854747 0.015885623510722795 0.0335195530726257
0 0.5949166004765687 0.35824022346368717 0.019062748212867353 0.04329608938547486
0 0.6397934868943606 0.36592178770949724 0.023034154090548053 0.04748603351955307
0 0.6711675933280381 0.3533519553072626 0.017474185861795076 0.0446927374301676
0 0.5937251787132645 0.41689944134078216 0.02621127879269261 0.051675977653631286
0 0.6576648133439237 0.43854748603351956 0.022239872915011914 0.05307262569832402
0 0.6926131850675139 0.47346368715083803 0.02859412231930103 0.07541899441340782
0 0.7092930897537728 0.3924581005586592 0.019062748212867353 0.05027932960893855
0 0.7680698967434472 0.41061452513966484 0.017474185861795076 0.05027932960893855
0 0.8196981731532962 0.4378491620111732 0.022239872915011914 0.05726256983240224
0 0.7950754567116759 0.5013966480446927 0.02382843526608419 0.05865921787709497
0 0.790309769658459 0.3610335195530726 0.020651310563939634 0.04329608938547486
0 0.8395552025416997 0.37639664804469275 0.017474185861795076 0.046089385474860335
0 0.8880063542494042 0.46298882681564246 0.020651310563939634 0.051675977653631286
0 0.8792692613185067 0.3889664804469274 0.022239872915011914 0.048882681564245814
0 0.8562351072279587 0.348463687150838 0.019062748212867353 0.034916201117318434
0 0.9078633836378077 0.3470670391061453 0.015885623510722795 0.034916201117318434
0 0.8935663224781573 0.3191340782122905 0.017474185861795076 0.03770949720670391
0 0.8617950754567116 0.31773743016759776 0.017474185861795076 0.02653631284916201
0 0.8204924543288323 0.3037709497206704 0.012708498808578236 0.029329608938547486
0 0.8022239872915011 0.2988826815642458 0.022239872915011914 0.0335195530726257
0 0.8284352660841937 0.2772346368715084 0.014297061159650515 0.02653631284916201
0 0.8196981731532962 0.25139664804469275 0.012708498808578236 0.025139664804469275
0 0.8367752184273233 0.2604748603351955 0.011914217633042096 0.029329608938547486
0 0.8733121525019857 0.28002793296089384 0.015091342335186655 0.029329608938547486
0 0.8502779984114376 0.24650837988826815 0.011914217633042096 0.029329608938547486
0 0.2283558379666402 0.33798882681564246 0.008737092930897538 0.025139664804469275
0 0.28395552025417 0.3009776536312849 0.013502779984114376 0.018156424581005588
0 0.255758538522637 0.3687150837988827 0.014297061159650515 0.03910614525139665
0 0.28673550436854645 0.37918994413407825 0.014297061159650515 0.02653631284916201
0 0.3308181096108022 0.3533519553072626 0.023034154090548053 0.04189944134078213
0 0.35027799841143764 0.28980446927374304 0.014297061159650515 0.02653631284916201
0 0.39992057188244634 0.34078212290502796 0.011914217633042096 0.030726256983240226
0 0.3756949960285941 0.3254189944134078 0.012708498808578236 0.030726256983240226
0 0.4046862589356632 0.2946927374301676 0.015091342335186655 0.0223463687150838
0 0.39952343129467827 0.26885474860335196 0.009531374106433677 0.020949720670391064
0 0.44122319301032564 0.2639664804469274 0.015091342335186655 0.030726256983240226
0 0.41977760127084984 0.2458100558659218 0.011914217633042096 0.025139664804469275
0 0.3836378077839555 0.2569832402234637 0.014297061159650515 0.02793296089385475
0 0.44519459888800633 0.33379888268156427 0.018268467037331215 0.036312849162011177
0 0.49404289118347894 0.31843575418994413 0.015885623510722795 0.030726256983240226
0 0.5019857029388404 0.2660614525139665 0.012708498808578236 0.02653631284916201
0 0.5274027005559968 0.26536312849162014 0.014297061159650515 0.02793296089385475
0 0.4674344718030182 0.2660614525139665 0.013502779984114376 0.029329608938547486
0 0.4571088165210484 0.23673184357541902 0.015091342335186655 0.02653631284916201
0 0.574265289912629 0.25837988826815644 0.015885623510722795 0.030726256983240226
0 0.5841938046068308 0.24231843575418996 0.018268467037331215 0.029329608938547486
0 0.5893566322478156 0.2164804469273743 0.012708498808578236 0.02793296089385475
0 0.5182684670373312 0.23184357541899442 0.019857029388403495 0.0223463687150838
0 0.613979348689436 0.2974860335195531 0.012708498808578236 0.030726256983240226
0 0.6215250198570293 0.24441340782122906 0.013502779984114376 0.02793296089385475
0 0.6624305003971406 0.26536312849162014 0.014297061159650515 0.025139664804469275
0 0.7084988085782367 0.28212290502793297 0.015885623510722795 0.0223463687150838
0 0.7513899920571881 0.28002793296089384 0.009531374106433677 0.029329608938547486
0 0.7188244638602065 0.25837988826815644 0.009531374106433677 0.030726256983240226
0 0.7271644162033359 0.2388268156424581 0.010325655281969817 0.025139664804469275
0 0.6838760921366164 0.21787709497206706 0.017474185861795076 0.02793296089385475
0 0.6882446386020651 0.2527932960893855 0.015091342335186655 0.0335195530726257
0 0.6620333598093725 0.22695530726256985 0.015091342335186655 0.029329608938547486
0 0.6441620333598094 0.21089385474860337 0.014297061159650515 0.019553072625698324
