1 0.8463675213675214 0.5064814814814815 0.013247863247863248 0.02777777777777778
1 0.8284188034188035 0.5069444444444444 0.01581196581196581 0.032407407407407406
1 0.7942307692307692 0.5106481481481482 0.014102564102564103 0.028703703703703703
1 0.7792735042735043 0.525 0.013247863247863248 0.031481481481481485
1 0.7427350427350428 0.5342592592592593 0.01452991452991453 0.02777777777777778
1 0.70491452991453 0.5074074074074074 0.011538461538461539 0.02592592592592593
1 0.6920940170940171 0.5296296296296297 0.012393162393162393 0.02962962962962963
1 0.6741452991452992 0.5263888888888889 0.010683760683760684 0.026851851851851852
1 0.6551282051282051 0.525 0.01282051282051282 0.031481481481481485
1 0.6183760683760684 0.5347222222222222 0.013675213675213675 0.030555555555555558
1 0.5805555555555556 0.5393518518518519 0.012393162393162393 0.026851851851851852
1 0.544017094017094 0.5342592592592593 0.009401709401709401 0.02777777777777778
1 0.5192307692307693 0.5472222222222223 0.011965811965811965 0.02592592592592593
1 0.5337606837606838 0.5439814814814815 0.010256410256410256 0.02314814814814815
1 0.48696581196581196 0.5462962962962963 0.010683760683760684 0.02592592592592593
1 0.4200854700854701 0.5689814814814815 0.009401709401709401 0.025
