0 0.7591911764705882 0.752859477124183 0.10232843137254902 0.14133986928104575
0 0.22778799019607843 0.6523692810457516 0.09099264705882353 0.13480392156862744
0 0.3396139705882353 0.5496323529411765 0.07138480392156862 0.10334967320261439
0 0.11550245098039215 0.5886437908496732 0.07965686274509803 0.12908496732026145
0 0.05177696078431372 0.5059232026143791 0.04656862745098039 0.07720588235294118
0 0.12990196078431374 0.505718954248366 0.05514705882352941 0.06454248366013073
0 0.13970588235294118 0.42994281045751637 0.0392156862745098 0.06004901960784314
0 0.1764705882352941 0.4724264705882353 0.0392156862745098 0.06821895424836602
0 0.23575367647058823 0.4305555555555556 0.04136029411764706 0.06372549019607843
0 0.29993872549019607 0.4444444444444445 0.04105392156862745 0.05555555555555556
0 0.3595281862745098 0.4456699346405229 0.03768382352941176 0.0661764705882353
0 0.22196691176470587 0.5390114379084967 0.06219362745098039 0.08782679738562092
0 0.40027573529411764 0.4483251633986928 0.03155637254901961 0.06413398692810458
0 0.46292892156862747 0.36213235294117646 0.037377450980392156 0.0690359477124183
0 0.5091911764705882 0.4103349673202614 0.03002450980392157 0.06004901960784314
0 0.46767769607843135 0.4622140522875817 0.03768382352941176 0.07312091503267974
0 0.5666360294117647 0.4820261437908497 0.04932598039215686 0.08660130718954248
0 0.5052083333333334 0.6531862745098039 0.05759803921568627 0.11029411764705882
0 0.9526654411764706 0.5531045751633987 0.07628676470588235 0.10702614379084968
0 0.7352941176470588 0.49897875816993464 0.05269607843137255 0.08782679738562092
0 0.8665747549019608 0.48958333333333337 0.057291666666666664 0.09272875816993464
0 0.6015625 0.4681372549019608 0.030330882352941176 0.0727124183006536
0 0.6504289215686274 0.3991013071895425 0.02696078431372549 0.05310457516339869
0 0.6176470588235294 0.40175653594771243 0.028186274509803922 0.046977124183006536
0 0.9767156862745098 0.4511846405228758 0.04595588235294117 0.06740196078431372
0 0.9404105392156863 0.39808006535947715 0.03829656862745098 0.05514705882352941
0 0.9027267156862745 0.3786764705882353 0.030330882352941176 0.04820261437908497
0 0.8544730392156863 0.4105392156862745 0.0392156862745098 0.049019607843137254
0 0.8028492647058824 0.43014705882352944 0.0352328431372549 0.06454248366013073
0 0.7545955882352942 0.40584150326797386 0.034926470588235295 0.056781045751633986
0 0.7078737745098039 0.3915441176470588 0.030943627450980393 0.054330065359477125
0 0.4915747549019608 0.46200980392156865 0.011948529411764705 0.04575163398692811
0 0.48743872549019607 0.7873774509803921 0.04718137254901961 0.1482843137254902
