0 0.10450819672131148 0.28170289855072467 0.022540983606557378 0.04891304347826087
0 0.29866803278688525 0.21829710144927536 0.013319672131147542 0.02717391304347826
0 0.40266393442622955 0.2753623188405797 0.014344262295081968 0.036231884057971016
0 0.5712090163934427 0.27898550724637683 0.02151639344262295 0.043478260869565216
0 0.4836065573770492 0.2246376811594203 0.01639344262295082 0.036231884057971016
0 0.4492827868852459 0.21920289855072464 0.017418032786885248 0.036231884057971016
0 0.6270491803278689 0.25634057971014496 0.022540983606557378 0.041666666666666664
0 0.6859631147540984 0.25905797101449274 0.017418032786885248 0.043478260869565216
0 0.716188524590164 0.2554347826086957 0.012295081967213115 0.04710144927536232
0 0.7412909836065574 0.26811594202898553 0.017418032786885248 0.043478260869565216
0 0.7679303278688525 0.27355072463768115 0.015368852459016395 0.03985507246376812
0 0.8002049180327869 0.2898550724637681 0.018442622950819672 0.043478260869565216
0 0.8591188524590164 0.3088768115942029 0.025614754098360656 0.041666666666666664
0 0.8755122950819673 0.27355072463768115 0.017418032786885248 0.04710144927536232
0 0.8365778688524591 0.2463768115942029 0.0194672131147541 0.036231884057971016
0 0.7510245901639344 0.2128623188405797 0.014344262295081968 0.034420289855072464
0 0.795594262295082 0.23007246376811594 0.02151639344262295 0.03260869565217391
0 0.8063524590163935 0.16757246376811594 0.01639344262295082 0.03804347826086957
0 0.7008196721311476 0.16304347826086957 0.01639344262295082 0.025362318840579712
0 0.6741803278688525 0.22916666666666666 0.022540983606557378 0.03804347826086957
0 0.6265368852459017 0.20380434782608695 0.02151639344262295 0.01992753623188406
0 0.5025614754098361 0.19112318840579712 0.013319672131147542 0.034420289855072464
0 0.4784836065573771 0.1657608695652174 0.012295081967213115 0.02717391304347826
0 0.5056352459016393 0.14673913043478262 0.0194672131147541 0.021739130434782608
0 0.5220286885245902 0.18115942028985507 0.013319672131147542 0.025362318840579712
0 0.48155737704918034 0.13405797101449277 0.012295081967213115 0.018115942028985508
0 0.4364754098360656 0.14130434782608695 0.012295081967213115 0.021739130434782608
0 0.4431352459016394 0.17753623188405798 0.013319672131147542 0.03260869565217391
0 0.39293032786885246 0.21920289855072464 0.015368852459016395 0.021739130434782608
0 0.4175204918032787 0.22010869565217392 0.013319672131147542 0.02717391304347826
0 0.3586065573770492 0.22916666666666666 0.018442622950819672 0.02355072463768116
0 0.3703893442622951 0.19655797101449277 0.011270491803278689 0.02355072463768116
0 0.38780737704918034 0.19384057971014493 0.015368852459016395 0.018115942028985508
0 0.3801229508196722 0.17572463768115942 0.014344262295081968 0.028985507246376812
0 0.552766393442623 0.1286231884057971 0.009221311475409836 0.021739130434782608
0 0.5599385245901639 0.19655797101449277 0.013319672131147542 0.030797101449275364
0 0.5845286885245902 0.17572463768115942 0.013319672131147542 0.028985507246376812
0 0.6910860655737705 0.125 0.011270491803278689 0.03260869565217391
0 0.6065573770491803 0.17119565217391305 0.01639344262295082 0.02717391304347826
0 0.6306352459016393 0.12409420289855072 0.011270491803278689 0.030797101449275364
0 0.9175204918032788 0.34601449275362317 0.017418032786885248 0.04710144927536232
0 0.9282786885245902 0.28804347826086957 0.018442622950819672 0.043478260869565216
0 0.8417008196721312 0.1621376811594203 0.009221311475409836 0.01992753623188406
0 0.8596311475409837 0.20018115942028986 0.022540983606557378 0.02717391304347826
