0 0.4953051643192488 0.3039538714991763 0.029107981220657275 0.04118616144975289
0 0.6140845070422535 0.24958813838550248 0.028169014084507043 0.047775947281713346
0 0.760093896713615 0.21746293245469522 0.0215962441314554 0.03953871499176277
0 0.7126760563380281 0.19192751235584843 0.020657276995305163 0.051070840197693576
0 0.3938967136150235 0.28500823723228996 0.023474178403755867 0.042833607907743
0 0.35352112676056335 0.29654036243822074 0.0215962441314554 0.03953871499176277
0 0.4610328638497653 0.23640856672158156 0.028169014084507043 0.03789126853377265
0 0.492018779342723 0.2413509060955519 0.03568075117370892 0.051070840197693576
0 0.4023474178403756 0.22158154859967052 0.019718309859154928 0.04118616144975289
0 0.41032863849765255 0.19110378912685339 0.018779342723004695 0.032948929159802305
0 0.36338028169014086 0.1985172981878089 0.020657276995305163 0.03130148270181219
0 0.3032863849765258 0.17462932454695224 0.016901408450704224 0.036243822075782535
0 0.964319248826291 0.11202635914332784 0.013145539906103286 0.026359143327841845
0 0.5741784037558685 0.13920922570016475 0.01596244131455399 0.02800658978583196
0 0.46056338028169014 0.19934102141680396 0.014084507042253521 0.032948929159802305
0 0.4892018779342723 0.19439868204283361 0.02253521126760563 0.026359143327841845
