0 0.2323943661971831 0.38235294117647056 0.04929577464788733 0.10084033613445378
0 0.5522300469483569 0.1880252100840336 0.015258215962441314 0.031512605042016806
0 0.5404929577464789 0.30357142857142855 0.01995305164319249 0.044117647058823525
0 0.6643192488262911 0.32563025210084034 0.02112676056338028 0.04621848739495798
0 0.8221830985915494 0.375 0.02699530516431925 0.06932773109243698
0 0.7230046948356808 0.2699579831932773 0.02112676056338028 0.052521008403361345
0 0.7629107981220657 0.24474789915966386 0.02112676056338028 0.05672268907563025
0 0.7400234741784038 0.21428571428571427 0.015258215962441314 0.04201680672268907
0 0.7071596244131455 0.20588235294117646 0.015258215962441314 0.029411764705882353
0 0.6696009389671361 0.2027310924369748 0.015258215962441314 0.03571428571428571
0 0.625 0.2027310924369748 0.017605633802816902 0.03991596638655462
0 0.6678403755868545 0.2510504201680672 0.025821596244131457 0.052521008403361345
