0 0.21058688147295743 0.3656565656565657 0.03452243958573072 0.08484848484848485
0 0.6743383199079401 0.3434343434343434 0.023014959723820484 0.048484848484848485
0 0.5978135788262371 0.3383838383838384 0.02186421173762946 0.03838383838383838
0 0.547180667433832 0.30808080808080807 0.024165707710011506 0.046464646464646465
0 0.6645569620253164 0.2636363636363636 0.019562715765247412 0.03838383838383838
0 0.6110471806674338 0.22424242424242424 0.020713463751438434 0.048484848484848485
0 0.5621403912543153 0.25656565656565655 0.024165707710011506 0.03636363636363636
0 0.7710011507479861 0.29797979797979796 0.02531645569620253 0.03838383838383838
0 0.7059838895281934 0.2383838383838384 0.019562715765247412 0.0404040404040404
0 0.6680092059838896 0.21212121212121213 0.02186421173762946 0.044444444444444446
0 0.6570771001150748 0.17676767676767677 0.018411967779056387 0.03434343434343434
0 0.6979286536248561 0.18484848484848485 0.02186421173762946 0.030303030303030304
0 0.7462600690448792 0.19696969696969696 0.014959723820483314 0.030303030303030304
0 0.7341772151898734 0.1717171717171717 0.020713463751438434 0.03232323232323232
0 0.7111622554660529 0.1393939393939394 0.01611047180667434 0.03636363636363636
0 0.7445339470655926 0.13636363636363635 0.01380897583429229 0.026262626262626262
0 0.7295742232451093 0.12626262626262627 0.01611047180667434 0.03838383838383838
0 0.7554660529344074 0.10101010101010101 0.012658227848101266 0.024242424242424242
0 0.7652474108170311 0.12828282828282828 0.01380897583429229 0.030303030303030304
0 0.7997698504027618 0.17676767676767677 0.01611047180667434 0.03434343434343434
0 0.8417721518987342 0.1898989898989899 0.014959723820483314 0.03232323232323232
0 0.8670886075949367 0.22424242424242424 0.014959723820483314 0.0404040404040404
0 0.8757192174913694 0.19494949494949496 0.01611047180667434 0.03434343434343434
0 0.9217491369390104 0.19090909090909092 0.01611047180667434 0.04242424242424243
0 0.9240506329113924 0.15353535353535352 0.011507479861910242 0.03232323232323232
0 0.9004602991944765 0.13434343434343435 0.012658227848101266 0.026262626262626262
0 0.8676639815880323 0.1383838383838384 0.01611047180667434 0.030303030303030304
0 0.8532796317606445 0.15858585858585858 0.02186421173762946 0.03434343434343434
0 0.8256616800920599 0.1383838383838384 0.019562715765247412 0.026262626262626262
0 0.49712313003452246 0.20707070707070707 0.01380897583429229 0.026262626262626262
0 0.5207134637514385 0.20909090909090908 0.014959723820483314 0.026262626262626262
0 0.45857307249712315 0.22121212121212122 0.01726121979286536 0.030303030303030304
0 0.42462600690448793 0.22424242424242424 0.01380897583429229 0.024242424242424242
0 0.61795166858458 0.14747474747474748 0.01611047180667434 0.0202020202020202
0 0.5506329113924051 0.1696969696969697 0.01726121979286536 0.01616161616161616
0 0.5742232451093211 0.17777777777777778 0.018411967779056387 0.028282828282828285
0 0.42577675489067895 0.18181818181818182 0.018411967779056387 0.028282828282828285
0 0.4286536248561565 0.2878787878787879 0.019562715765247412 0.030303030303030304
1 0.3135788262370541 0.27070707070707073 0.014959723820483314 0.03232323232323232
0 0.333716915995397 0.2737373737373737 0.01611047180667434 0.03434343434343434
0 0.28423475258918296 0.2505050505050505 0.01380897583429229 0.024242424242424242
0 0.34522439585730724 0.2313131313131313 0.01380897583429229 0.01818181818181818
0 0.3711162255466053 0.2111111111111111 0.012658227848101266 0.022222222222222223
0 0.9142692750287686 0.2909090909090909 0.01726121979286536 0.048484848484848485
