0 0.6298828125 0.9318181818181818 0.111328125 0.13343108504398826
0 0.5166015625 0.8005865102639296 0.09375 0.13196480938416422
0 0.4287109375 0.6642228739002932 0.072265625 0.12023460410557185
0 0.5693359375 0.6414956011730205 0.056640625 0.09824046920821114
0 0.3642578125 0.5645161290322581 0.0625 0.08797653958944282
0 0.4765625 0.5271260997067448 0.05078125 0.09237536656891496
0 0.62109375 0.4831378299120235 0.044921875 0.07771260997067449
0 0.8876953125 0.8651026392961877 0.119140625 0.23460410557184752
0 0.8056640625 0.7214076246334311 0.06640625 0.15249266862170088
0 0.83740234375 0.6151026392961877 0.0439453125 0.08357771260997067
0 0.83203125 0.5219941348973607 0.037109375 0.06744868035190615
