1 0.7123931623931624 0.5347222222222222 0.02564102564102564 0.05648148148148149
1 0.6735042735042736 0.46620370370370373 0.011111111111111112 0.030555555555555558
1 0.5474358974358975 0.5175925925925926 0.021367521367521368 0.03888888888888889
1 0.4403846153846154 0.5060185185185185 0.019230769230769232 0.036111111111111115
1 0.5382478632478632 0.47175925925925927 0.012393162393162393 0.026851851851851852
1 0.6256410256410256 0.4759259259259259 0.01452991452991453 0.024074074074074074
1 0.7818376068376068 0.4532407407407408 0.012393162393162393 0.026851851851851852
1 0.7673076923076924 0.47731481481481486 0.014102564102564103 0.028703703703703703
1 0.6997863247863247 0.45092592592592595 0.009829059829059829 0.02592592592592593
1 0.33931623931623933 0.4666666666666667 0.011965811965811965 0.024074074074074074
