0 0.20608108108108109 0.42439862542955326 0.03957528957528958 0.08247422680412371
0 0.2611003861003861 0.2740549828178694 0.01833976833976834 0.03608247422680412
0 0.3807915057915058 0.26718213058419243 0.02027027027027027 0.03951890034364261
0 0.416023166023166 0.28350515463917525 0.019305019305019305 0.04810996563573883
0 0.500965250965251 0.29896907216494845 0.02702702702702703 0.044673539518900345
0 0.5501930501930502 0.3118556701030928 0.03088803088803089 0.04982817869415807
0 0.6776061776061776 0.3170103092783505 0.03088803088803089 0.06013745704467354
0 0.7388996138996139 0.34106529209621994 0.027992277992277992 0.06357388316151202
0 0.7750965250965252 0.2981099656357388 0.019305019305019305 0.04639175257731959
0 0.8841698841698842 0.25945017182130586 0.017374517374517374 0.054982817869415807
0 0.8233590733590733 0.24140893470790378 0.02316602316602317 0.0429553264604811
0 0.7934362934362934 0.1838487972508591 0.015444015444015444 0.030927835051546393
0 0.7451737451737452 0.2070446735395189 0.02316602316602317 0.03264604810996564
0 0.7258687258687259 0.26890034364261167 0.02702702702702703 0.04639175257731959
0 0.6694015444015444 0.24914089347079038 0.02027027027027027 0.05154639175257732
0 0.7051158301158301 0.21993127147766323 0.02413127413127413 0.03436426116838488
0 0.6621621621621622 0.2079037800687285 0.02316602316602317 0.024054982817869414
0 0.6172779922779923 0.2036082474226804 0.01640926640926641 0.03951890034364261
0 0.6076254826254827 0.25945017182130586 0.02413127413127413 0.04810996563573883
0 0.5723938223938224 0.23797250859106528 0.02316602316602317 0.03608247422680412
0 0.5328185328185329 0.2104810996563574 0.015444015444015444 0.03951890034364261
0 0.5704633204633205 0.17439862542955326 0.007722007722007722 0.029209621993127148
0 0.8474903474903475 0.19072164948453607 0.015444015444015444 0.03436426116838488
0 0.8397683397683398 0.1400343642611684 0.011583011583011584 0.02577319587628866
0 0.875965250965251 0.1400343642611684 0.010617760617760617 0.022336769759450172
0 0.8991312741312741 0.19845360824742267 0.01447876447876448 0.04639175257731959
0 0.8026061776061776 0.13058419243986255 0.010617760617760617 0.027491408934707903
0 0.7722007722007722 0.12628865979381443 0.013513513513513514 0.03951890034364261
0 0.7297297297297297 0.15206185567010308 0.015444015444015444 0.03264604810996564
0 0.6930501930501931 0.14948453608247422 0.013513513513513514 0.030927835051546393
0 0.6558880308880309 0.16151202749140894 0.01640926640926641 0.03436426116838488
0 0.48262548262548266 0.21735395189003437 0.021235521235521235 0.03264604810996564
0 0.5 0.19329896907216496 0.021235521235521235 0.029209621993127148
0 0.46187258687258687 0.1606529209621993 0.01833976833976834 0.03951890034364261
0 0.32915057915057916 0.2508591065292096 0.019305019305019305 0.037800687285223365
0 0.2968146718146718 0.2603092783505155 0.026061776061776062 0.04639175257731959
0 0.3450772200772201 0.2070446735395189 0.01833976833976834 0.03608247422680412
0 0.32287644787644787 0.211340206185567 0.0222007722007722 0.03436426116838488
0 0.4222972972972973 0.19329896907216496 0.02027027027027027 0.03951890034364261
0 0.6158301158301158 0.14948453608247422 0.017374517374517374 0.041237113402061855
