0 0.6882780082987552 0.6452513966480447 0.06535269709543569 0.16201117318435754
0 0.7147302904564315 0.441340782122905 0.04564315352697095 0.11173184357541899
0 0.6296680497925311 0.25139664804469275 0.024896265560165977 0.0521415270018622
0 0.5819502074688797 0.23184357541899442 0.01867219917012448 0.05027932960893855
0 0.8309128630705395 0.2616387337057728 0.01867219917012448 0.042830540037243944
0 0.7925311203319502 0.23370577281191807 0.01867219917012448 0.04655493482309125
0 0.9486514522821576 0.21787709497206703 0.011410788381742738 0.037243947858473
0 0.5181535269709544 0.20018621973929238 0.01970954356846473 0.03165735567970205
0 0.553941908713693 0.2048417132216015 0.016597510373443983 0.037243947858473
0 0.43983402489626555 0.23370577281191807 0.016597510373443983 0.027932960893854747
