0 0.11233333333333333 0.40276243093922653 0.056666666666666664 0.11823204419889503
0 0.17233333333333334 0.4093922651933702 0.043333333333333335 0.08950276243093923
0 0.26966666666666667 0.4 0.038 0.08176795580110498
0 0.353 0.4204419889502763 0.035333333333333335 0.07182320441988951
0 0.4126666666666666 0.40165745856353596 0.029333333333333333 0.06298342541436465
1 0.8746666666666666 0.37790055248618787 0.025333333333333333 0.03977900552486188
0 0.697 0.42983425414364645 0.02333333333333333 0.041988950276243095
0 0.6176666666666667 0.3712707182320442 0.020666666666666667 0.03977900552486188
0 0.593 0.3734806629834254 0.019333333333333334 0.03977900552486188
0 0.5693333333333334 0.38950276243093923 0.018666666666666665 0.04530386740331492
0 0.5413333333333333 0.38950276243093923 0.02 0.04530386740331492
0 0.5516666666666666 0.31988950276243094 0.019333333333333334 0.034254143646408844
0 0.531 0.31712707182320443 0.016666666666666666 0.03756906077348066
0 0.512 0.32817679558011054 0.018666666666666665 0.03977900552486188
0 0.5143333333333333 0.3867403314917127 0.026 0.057458563535911604
0 0.45999999999999996 0.3165745856353591 0.024 0.051933701657458566
0 0.48766666666666664 0.3121546961325967 0.022 0.04530386740331492
0 0.42133333333333334 0.2977900552486188 0.025333333333333333 0.06077348066298343
0 0.38466666666666666 0.27845303867403315 0.025333333333333333 0.04640883977900553
0 0.4003333333333333 0.2397790055248619 0.015333333333333332 0.03535911602209945
0 0.38 0.23149171270718233 0.017333333333333333 0.034254143646408844
0 0.35933333333333334 0.2668508287292818 0.021333333333333333 0.04088397790055249
0 0.3143333333333333 0.2541436464088398 0.024666666666666667 0.05303867403314917
0 0.2753333333333333 0.22099447513812157 0.022666666666666665 0.04861878453038675
0 0.2856666666666667 0.3005524861878453 0.03266666666666666 0.06408839779005525
0 0.24433333333333332 0.2977900552486188 0.033999999999999996 0.07403314917127073
0 0.18733333333333332 0.23812154696132598 0.03333333333333333 0.07403314917127073
0 0.153 0.28674033149171274 0.04466666666666667 0.09392265193370167
0 0.14166666666666666 0.19171270718232045 0.02733333333333333 0.051933701657458566
0 0.08566666666666667 0.17071823204419892 0.033999999999999996 0.06077348066298343
0 0.050666666666666665 0.2779005524861879 0.04933333333333333 0.09392265193370167
