1 0.7957264957264957 0.4078703703703704 0.02735042735042735 0.058333333333333334
1 0.7091880341880342 0.40740740740740744 0.02863247863247863 0.053703703703703705
1 0.6527777777777778 0.41574074074074074 0.023504273504273504 0.053703703703703705
1 0.6123931623931624 0.41574074074074074 0.02393162393162393 0.05185185185185186
1 0.575 0.41481481481481486 0.02435897435897436 0.05555555555555556
1 0.5470085470085471 0.3731481481481482 0.022222222222222223 0.05185185185185186
1 0.46282051282051284 0.38657407407407407 0.024786324786324785 0.049074074074074076
1 0.3886752136752137 0.3912037037037037 0.02863247863247863 0.05277777777777778
1 0.3262820512820513 0.39861111111111114 0.025213675213675214 0.058333333333333334
1 0.2767094017094017 0.3875 0.027777777777777776 0.05277777777777778
1 0.21517094017094018 0.38796296296296295 0.03205128205128205 0.06666666666666667
