1 0.8940170940170941 0.2574074074074074 0.03162393162393162 0.09074074074074075
1 0.826068376068376 0.2740740740740741 0.03418803418803419 0.07222222222222223
1 0.7555555555555555 0.22870370370370371 0.03333333333333333 0.08148148148148149
1 0.6916666666666667 0.27175925925925926 0.03205128205128205 0.06944444444444445
1 0.6292735042735043 0.250462962962963 0.03547008547008547 0.0787037037037037
1 0.5743589743589743 0.22777777777777777 0.03333333333333333 0.08148148148148149
1 0.5053418803418803 0.24074074074074076 0.04658119658119658 0.0925925925925926
1 0.4307692307692308 0.22777777777777777 0.042735042735042736 0.0962962962962963
1 0.37927350427350426 0.21574074074074076 0.047435897435897434 0.1
1 0.3143162393162393 0.2212962962962963 0.045726495726495724 0.10555555555555556
1 0.2587606837606838 0.22175925925925927 0.05854700854700855 0.14166666666666666
1 0.183974358974359 0.28703703703703703 0.07478632478632478 0.18333333333333335
