0 0.6761682242990654 0.3627946127946128 0.02149532710280374 0.04208754208754208
0 0.5957943925233645 0.34427609427609424 0.017757009345794394 0.04882154882154882
0 0.5570093457943925 0.3013468013468013 0.01869158878504673 0.043771043771043766
0 0.4046728971962617 0.2954545454545454 0.020560747663551402 0.03535353535353535
0 0.7771028037383177 0.30387205387205385 0.01588785046728972 0.04208754208754208
0 0.7579439252336448 0.2398989898989899 0.016822429906542057 0.04208754208754208
0 0.7976635514018692 0.17929292929292928 0.01588785046728972 0.03535353535353535
0 0.8476635514018692 0.17255892255892255 0.020560747663551402 0.03535353535353535
0 0.827570093457944 0.13468013468013468 0.01588785046728972 0.03367003367003367
0 0.8649532710280374 0.1254208754208754 0.012149532710280374 0.03198653198653199
0 0.8658878504672898 0.23484848484848483 0.014018691588785047 0.03535353535353535
0 0.7434579439252337 0.14562289562289563 0.017757009345794394 0.03872053872053872
0 0.6672897196261682 0.20538720538720537 0.014953271028037384 0.03367003367003367
0 0.6551401869158878 0.1877104377104377 0.016822429906542057 0.03198653198653199
0 0.6098130841121495 0.2062289562289562 0.02149532710280374 0.04208754208754208
0 0.7065420560747664 0.2255892255892256 0.01869158878504673 0.03367003367003367
0 0.7345794392523365 0.21548821548821548 0.01869158878504673 0.03367003367003367
0 0.6962616822429907 0.17508417508417506 0.013084112149532711 0.026936026936026935
0 0.7172897196261683 0.16919191919191917 0.01588785046728972 0.03198653198653199
0 0.6822429906542057 0.15235690235690236 0.014953271028037384 0.028619528619528618
0 0.4672897196261682 0.255050505050505 0.01869158878504673 0.028619528619528618
0 0.4808411214953271 0.1893939393939394 0.01588785046728972 0.028619528619528618
0 0.5014018691588785 0.20454545454545453 0.01588785046728972 0.021885521885521883
0 0.5242990654205608 0.2196969696969697 0.014953271028037384 0.028619528619528618
0 0.4635514018691589 0.18013468013468012 0.013084112149532711 0.0303030303030303
0 0.44018691588785047 0.234006734006734 0.016822429906542057 0.0303030303030303
0 0.4135514018691589 0.23569023569023567 0.01588785046728972 0.026936026936026935
0 0.3682242990654206 0.21548821548821548 0.014953271028037384 0.026936026936026935
0 0.3850467289719626 0.19612794612794612 0.014953271028037384 0.025252525252525252
0 0.34532710280373835 0.22053872053872053 0.017757009345794394 0.0303030303030303
0 0.32429906542056075 0.22138047138047137 0.016822429906542057 0.03198653198653199
0 0.33644859813084116 0.28619528619528617 0.01869158878504673 0.026936026936026935
0 0.33317757009345794 0.2609427609427609 0.014018691588785047 0.026936026936026935
0 0.2953271028037383 0.2626262626262626 0.01869158878504673 0.03367003367003367
0 0.45093457943925236 0.14898989898989898 0.012149532710280374 0.025252525252525252
0 0.5827102803738318 0.1590909090909091 0.017757009345794394 0.03535353535353535
0 0.611214953271028 0.14057239057239057 0.013084112149532711 0.025252525252525252
0 0.6439252336448599 0.11195286195286194 0.011214953271028038 0.018518518518518517
0 0.6906542056074767 0.10185185185185185 0.009345794392523366 0.018518518518518517
0 0.7490654205607477 0.10774410774410774 0.012149532710280374 0.0202020202020202
0 0.7813084112149533 0.11447811447811447 0.011214953271028038 0.02356902356902357
0 0.5397196261682243 0.17003367003367004 0.01588785046728972 0.0303030303030303
0 0.6602803738317757 0.255050505050505 0.017757009345794394 0.045454545454545456
0 0.4785046728971963 0.3207070707070707 0.020560747663551402 0.045454545454545456
0 0.25934579439252337 0.2617845117845118 0.014018691588785047 0.03198653198653199
0 0.8822429906542056 0.19949494949494948 0.014953271028037384 0.03535353535353535
0 0.891588785046729 0.1254208754208754 0.011214953271028038 0.03198653198653199
0 0.9257009345794392 0.15235690235690236 0.012149532710280374 0.03872053872053872
0 0.9214953271028038 0.18518518518518517 0.016822429906542057 0.0404040404040404
0 0.08598130841121496 0.41666666666666663 0.03551401869158879 0.0723905723905724
