0 0.26875 0.9330677290836654 0.1795 0.13227091633466137
0 0.2685 0.6270916334661355 0.078 0.13705179282868526
0 0.554 0.4940239043824701 0.039 0.07171314741035857
0 0.60175 0.4593625498007968 0.035500000000000004 0.06294820717131475
0 0.55025 0.4107569721115538 0.0265 0.04223107569721116
0 0.65125 0.40876494023904386 0.0335 0.06374501992031872
0 0.15575 0.4617529880478088 0.043500000000000004 0.08366533864541834
0 0.083 0.44302788844621516 0.031 0.06215139442231076
0 0.39725 0.4418326693227092 0.0305 0.06294820717131475
0 0.44175000000000003 0.3892430278884462 0.0225 0.04860557768924303
0 0.295 0.39282868525896414 0.027 0.04780876494023904
0 0.94875 0.1956175298804781 0.0625 0.11713147410358567
0 0.733 0.502788844621514 0.033 0.0796812749003984
0 0.76475 0.49243027888446217 0.0285 0.06055776892430279
0 0.41375 0.39362549800796814 0.0225 0.03665338645418327
0 0.3575 0.3916334661354582 0.032 0.03904382470119522
0 0.25375000000000003 0.4119521912350598 0.0145 0.0350597609561753
0 0.0615 0.4764940239043825 0.031 0.05896414342629482
0 0.11075 0.700796812749004 0.0305 0.10756972111553785
