1 0.7613247863247863 0.6578703703703704 0.03717948717948718 0.0712962962962963
1 0.8290598290598291 0.487962962962963 0.01623931623931624 0.02777777777777778
1 0.7955128205128205 0.5486111111111112 0.019230769230769232 0.036111111111111115
1 0.7767094017094017 0.5166666666666667 0.01752136752136752 0.02962962962962963
1 0.7339743589743589 0.5115740740740741 0.013247863247863248 0.025
1 0.722008547008547 0.4865740740740741 0.013247863247863248 0.026851851851851852
1 0.6914529914529914 0.4814814814814815 0.011111111111111112 0.020370370370370372
1 0.6655982905982906 0.4777777777777778 0.009829059829059829 0.020370370370370372
1 0.2091880341880342 0.6916666666666667 0.03034188034188034 0.06666666666666667
1 0.2675213675213675 0.6236111111111111 0.019658119658119658 0.04722222222222222
1 0.3403846153846154 0.563425925925926 0.021794871794871794 0.05277777777777778
1 0.36025641025641025 0.5365740740740741 0.013675213675213675 0.03981481481481482
1 0.38803418803418804 0.5166666666666667 0.01452991452991453 0.03518518518518519
1 0.41431623931623934 0.4967592592592593 0.009829059829059829 0.02314814814814815
1 0.497008547008547 0.46481481481481485 0.011111111111111112 0.02592592592592593
1 0.6946581196581196 0.6078703703703704 0.016666666666666666 0.04722222222222222
1 0.639102564102564 0.5421296296296296 0.016666666666666666 0.03425925925925926
1 0.6085470085470085 0.5412037037037037 0.017094017094017096 0.03425925925925926
