1 0.6641025641025641 0.35879629629629634 0.03247863247863248 0.0638888888888889
1 0.7378205128205129 0.5620370370370371 0.049145299145299144 0.10740740740740741
1 0.7198717948717949 0.4689814814814815 0.026923076923076925 0.06574074074074074
1 0.5621794871794872 0.3476851851851852 0.02863247863247863 0.049074074074074076
1 0.4824786324786325 0.3421296296296296 0.024786324786324785 0.04537037037037037
1 0.3606837606837607 0.3375 0.02393162393162393 0.05092592592592593
1 0.4081196581196581 0.4481481481481482 0.02393162393162393 0.08148148148148149
1 0.2826923076923077 0.3717592592592593 0.016666666666666666 0.04722222222222222
1 0.2482905982905983 0.39490740740740743 0.018803418803418803 0.05648148148148149
1 0.2311965811965812 0.4375 0.028205128205128206 0.0638888888888889
