0 0.029132791327913278 0.34587378640776695 0.012195121951219513 0.02669902912621359
0 0.6192411924119241 0.29854368932038833 0.024390243902439025 0.04854368932038834
0 0.6883468834688347 0.30339805825242716 0.02168021680216802 0.04854368932038834
0 0.7228997289972899 0.31674757281553395 0.025745257452574527 0.046116504854368925
0 0.8130081300813008 0.42597087378640774 0.024390243902439025 0.0558252427184466
0 0.8895663956639567 0.3932038834951456 0.025745257452574527 0.058252427184466014
0 0.8157181571815718 0.29004854368932037 0.02710027100271003 0.0558252427184466
0 0.7737127371273713 0.28519417475728154 0.024390243902439025 0.050970873786407765
0 0.7262872628726287 0.25970873786407767 0.018970189701897018 0.04368932038834951
0 0.7520325203252033 0.23058252427184464 0.018970189701897018 0.038834951456310676
0 0.7317073170731707 0.19174757281553395 0.018970189701897018 0.038834951456310676
0 0.7371273712737128 0.1565533980582524 0.018970189701897018 0.046116504854368925
0 0.7676151761517616 0.17961165048543687 0.025745257452574527 0.03398058252427184
0 0.8265582655826558 0.19296116504854366 0.016260162601626015 0.04126213592233009
0 0.8773712737127372 0.21359223300970873 0.014905149051490514 0.029126213592233007
0 0.9004065040650406 0.2233009708737864 0.02032520325203252 0.04854368932038834
0 0.8611111111111112 0.07645631067961164 0.017615176151761516 0.02669902912621359
0 0.7981029810298103 0.09951456310679611 0.018970189701897018 0.029126213592233007
0 0.7757452574525745 0.13592233009708737 0.017615176151761516 0.02427184466019417
0 0.8495934959349594 0.15776699029126212 0.016260162601626015 0.03398058252427184
0 0.6598915989159891 0.21966019417475727 0.018970189701897018 0.03155339805825243
0 0.6470189701897019 0.17354368932038833 0.02032520325203252 0.04126213592233009
0 0.6131436314363143 0.24999999999999997 0.028455284552845527 0.04368932038834951
0 0.38482384823848237 0.27184466019417475 0.024390243902439025 0.029126213592233007
0 0.46680216802168023 0.22087378640776698 0.014905149051490514 0.038834951456310676
0 0.4363143631436314 0.22936893203883493 0.016260162601626015 0.03640776699029126
0 0.5128726287262872 0.21359223300970873 0.014905149051490514 0.02427184466019417
0 0.4898373983739837 0.18932038834951453 0.012195121951219513 0.02427184466019417
0 0.6490514905149052 0.13592233009708737 0.016260162601626015 0.02427184466019417
0 0.6185636856368564 0.14563106796116504 0.023035230352303523 0.029126213592233007
0 0.5928184281842819 0.13228155339805825 0.012195121951219513 0.03155339805825243
0 0.491869918699187 0.31553398058252424 0.024390243902439025 0.04854368932038834
0 0.535230352303523 0.31917475728155337 0.02168021680216802 0.046116504854368925
0 0.3075880758807588 0.25970873786407767 0.013550135501355014 0.02427184466019417
0 0.42073170731707316 0.18082524271844658 0.014905149051490514 0.03640776699029126
0 0.3861788617886179 0.17718446601941745 0.018970189701897018 0.03398058252427184
0 0.4078590785907859 0.1262135922330097 0.008130081300813007 0.029126213592233007
