1 0.8980769230769231 0.4050925925925926 0.025213675213675214 0.12685185185185185
1 0.8978632478632479 0.2564814814814815 0.02905982905982906 0.09074074074074075
1 0.8170940170940171 0.22777777777777777 0.039316239316239315 0.07777777777777778
1 0.8185897435897436 0.36574074074074076 0.04401709401709402 0.09814814814814815
1 0.7837606837606838 0.24537037037037038 0.02564102564102564 0.07592592592592592
1 0.7662393162393163 0.41805555555555557 0.042735042735042736 0.1212962962962963
1 0.6989316239316239 0.5416666666666667 0.0782051282051282 0.14814814814814814
1 0.701068376068376 0.36574074074074076 0.03974358974358974 0.07777777777777778
1 0.6549145299145299 0.3472222222222222 0.021794871794871794 0.06481481481481481
1 0.6239316239316239 0.3944444444444445 0.026495726495726495 0.07962962962962963
1 0.6027777777777777 0.3453703703703704 0.02094017094017094 0.053703703703703705
1 0.5792735042735043 0.32083333333333336 0.021794871794871794 0.05092592592592593
1 0.5574786324786325 0.5523148148148148 0.05854700854700855 0.125
1 0.48012820512820514 0.6736111111111112 0.0876068376068376 0.20092592592592592
1 0.5271367521367522 0.33194444444444443 0.018376068376068377 0.04166666666666667
1 0.5153846153846153 0.46296296296296297 0.026495726495726495 0.08888888888888889
1 0.45726495726495725 0.5425925925925926 0.046153846153846156 0.08333333333333334
1 0.48376068376068376 0.3791666666666667 0.024786324786324785 0.04166666666666667
1 0.3732905982905983 0.674537037037037 0.06367521367521367 0.14166666666666666
1 0.44743589743589746 0.39583333333333337 0.02393162393162393 0.04166666666666667
1 0.43141025641025643 0.44953703703703707 0.02435897435897436 0.036111111111111115
1 0.41752136752136754 0.4101851851851852 0.01623931623931624 0.040740740740740744
1 0.35662393162393163 0.5347222222222222 0.03205128205128205 0.06759259259259259
1 0.33205128205128204 0.549537037037037 0.02393162393162393 0.06574074074074074
1 0.3854700854700855 0.38842592592592595 0.021367521367521368 0.03425925925925926
1 0.2685897435897436 0.6768518518518519 0.03803418803418803 0.07407407407407407
1 0.2923076923076923 0.5087962962962963 0.03247863247863248 0.08240740740740742
1 0.26474358974358975 0.5259259259259259 0.021794871794871794 0.05555555555555556
1 0.20042735042735044 0.6185185185185186 0.02564102564102564 0.07407407407407407
1 0.16474358974358974 0.5967592592592593 0.026923076923076925 0.05462962962962963
1 0.13696581196581198 0.5944444444444444 0.01752136752136752 0.053703703703703705
1 0.10876068376068376 0.5912037037037037 0.02094017094017094 0.03796296296296296
1 0.12542735042735043 0.5620370370370371 0.013247863247863248 0.05
1 0.1811965811965812 0.525 0.019658119658119658 0.03518518518518519
1 0.2173076923076923 0.5203703703703704 0.013247863247863248 0.04814814814814815
1 0.2358974358974359 0.5351851851851852 0.022222222222222223 0.053703703703703705
1 0.12628205128205128 0.5152777777777778 0.019230769230769232 0.032407407407407406
1 0.2901709401709402 0.4412037037037037 0.015384615384615385 0.026851851851851852
