0 0.06893382352941177 0.5714673913043479 0.052083333333333336 0.11576086956521739
0 0.15778186274509803 0.5769021739130434 0.04044117647058824 0.07336956521739131
0 0.10876225490196079 0.5130434782608696 0.03370098039215686 0.07717391304347826
0 0.01807598039215686 0.4983695652173913 0.03431372549019608 0.08152173913043478
0 0.0666360294117647 0.4644021739130435 0.03400735294117647 0.06467391304347826
0 0.3754595588235294 0.4785326086956522 0.02849264705882353 0.05923913043478261
0 0.40808823529411764 0.4815217391304348 0.02022058823529412 0.05652173913043478
0 0.49050245098039214 0.5171195652173913 0.022058823529411763 0.05380434782608696
0 0.5212928921568627 0.5108695652173914 0.019301470588235295 0.05326086956521739
0 0.5664828431372549 0.5206521739130435 0.02267156862745098 0.04891304347826087
0 0.6691176470588235 0.5432065217391304 0.03125 0.06684782608695652
0 0.7236519607843137 0.5168478260869566 0.024509803921568627 0.051086956521739134
0 0.6115196078431372 0.5206521739130435 0.020833333333333332 0.04891304347826087
0 0.6112132352941176 0.47690217391304346 0.017769607843137254 0.03641304347826087
0 0.6446078431372549 0.48206521739130437 0.01838235294117647 0.034782608695652174
0 0.6920955882352942 0.48206521739130437 0.01838235294117647 0.035869565217391305
0 0.49463848039215685 0.43070652173913043 0.015012254901960785 0.03097826086956522
0 0.5004595588235294 0.46820652173913047 0.015625 0.035326086956521736
0 0.3995098039215686 0.4298913043478261 0.020833333333333332 0.04021739130434783
0 0.34512867647058826 0.44918478260869565 0.018688725490196078 0.03641304347826087
0 0.33011642156862747 0.4910326086956522 0.02665441176470588 0.045108695652173916
0 0.25995710784313725 0.43369565217391304 0.023590686274509803 0.05326086956521739
0 0.22794117647058823 0.42744565217391306 0.02267156862745098 0.04076086956521739
0 0.5306372549019608 0.4801630434782609 0.014705882352941176 0.03206521739130435
