1 0.3485042735042735 0.5768518518518518 0.08247863247863248 0.16666666666666669
1 0.5871794871794872 0.36342592592592593 0.04957264957264957 0.11203703703703705
1 0.6897435897435897 0.31157407407407406 0.02393162393162393 0.07314814814814816
1 0.7237179487179487 0.27222222222222225 0.018376068376068377 0.05
1 0.24935897435897436 0.3509259259259259 0.03461538461538462 0.06666666666666667
1 0.41581196581196583 0.32731481481481484 0.028205128205128206 0.05648148148148149
1 0.3121794871794872 0.25462962962962965 0.013247863247863248 0.031481481481481485
1 0.3247863247863248 0.25462962962962965 0.011111111111111112 0.031481481481481485
1 0.0967948717948718 0.3125 0.01581196581196581 0.04351851851851852
1 0.21004273504273505 0.28935185185185186 0.020085470085470087 0.05092592592592593
1 0.7899572649572649 0.2712962962962963 0.014957264957264958 0.03888888888888889
1 0.4461538461538462 0.27222222222222225 0.017094017094017096 0.03518518518518519
1 0.5126068376068376 0.25925925925925924 0.012393162393162393 0.03333333333333333
1 0.48012820512820514 0.23842592592592593 0.009829059829059829 0.026851851851851852
1 0.5 0.24166666666666667 0.008547008547008548 0.024074074074074074
1 0.11495726495726495 0.25462962962962965 0.011111111111111112 0.02592592592592593
1 0.16324786324786325 0.2574074074074074 0.011111111111111112 0.024074074074074074
