1 0.6177350427350428 0.5277777777777778 0.0594017094017094 0.15925925925925927
1 0.6993589743589743 0.40185185185185185 0.04658119658119658 0.0925925925925926
1 0.7452991452991453 0.29074074074074074 0.018803418803418803 0.044444444444444446
1 0.28547008547008546 0.3601851851851852 0.05042735042735043 0.0962962962962963
1 0.42115384615384616 0.3490740740740741 0.03461538461538462 0.06666666666666667
1 0.49722222222222223 0.2898148148148148 0.026923076923076925 0.053703703703703705
1 0.5767094017094017 0.287962962962963 0.018376068376068377 0.03333333333333333
1 0.5542735042735043 0.18425925925925926 0.013675213675213675 0.02592592592592593
1 0.6224358974358974 0.24722222222222223 0.01581196581196581 0.040740740740740744
1 0.6393162393162393 0.24722222222222223 0.013675213675213675 0.03333333333333333
