1 0.689957264957265 0.5296296296296297 0.09871794871794871 0.16666666666666669
1 0.8166666666666667 0.33564814814814814 0.04871794871794872 0.09351851851851853
1 0.4617521367521368 0.3912037037037037 0.053418803418803416 0.10833333333333334
1 0.6418803418803419 0.3023148148148148 0.028205128205128206 0.058333333333333334
1 0.3106837606837607 0.32222222222222224 0.037606837606837605 0.07222222222222223
1 0.227991452991453 0.3060185185185185 0.02435897435897436 0.05092592592592593
1 0.4185897435897436 0.29212962962962963 0.019230769230769232 0.04351851851851852
1 0.5681623931623931 0.275 0.019230769230769232 0.03888888888888889
1 0.5032051282051282 0.2657407407407408 0.01752136752136752 0.03333333333333333
1 0.7141025641025641 0.2537037037037037 0.013675213675213675 0.031481481481481485
1 0.5386752136752136 0.24351851851851852 0.012393162393162393 0.031481481481481485
1 0.39636752136752135 0.2625 0.01581196581196581 0.030555555555555558
1 0.8226495726495726 0.23333333333333334 0.011111111111111112 0.024074074074074074
1 0.6145299145299146 0.24722222222222223 0.01452991452991453 0.02962962962962963
1 0.46794871794871795 0.22916666666666669 0.008547008547008548 0.021296296296296296
1 0.3403846153846154 0.23425925925925928 0.009829059829059829 0.022222222222222223
1 0.34615384615384615 0.46944444444444444 0.0 0.003703703703703704
