0 0.09430438842203548 0.326158940397351 0.018674136321195144 0.04304635761589404
0 0.7044817927170869 0.3195364238410596 0.02334267040149393 0.04966887417218543
0 0.715219421101774 0.26158940397350994 0.018674136321195144 0.039735099337748346
0 0.773109243697479 0.28394039735099336 0.018674136321195144 0.041390728476821195
0 0.8109243697478992 0.30960264900662254 0.025210084033613446 0.056291390728476824
0 0.9033613445378151 0.3195364238410596 0.017740429505135387 0.039735099337748346
0 0.6167133520074697 0.2591059602649007 0.03081232492997199 0.04470198675496689
0 0.6591970121381886 0.2293046357615894 0.014939309056956116 0.041390728476821195
0 0.5340802987861811 0.33195364238410596 0.014939309056956116 0.03145695364238411
0 0.388422035480859 0.2723509933774834 0.014939309056956116 0.0347682119205298
0 0.46031746031746035 0.22350993377483444 0.01680672268907563 0.033112582781456956
0 0.5676937441643324 0.17880794701986755 0.01680672268907563 0.023178807947019868
0 0.4061624649859944 0.21605960264900662 0.01680672268907563 0.024834437086092714
