0 0.21562499999999998 0.5922774869109948 0.07946428571428571 0.11910994764397906
0 0.046875 0.5098167539267016 0.06874999999999999 0.12696335078534032
0 0.5428571428571428 0.5314136125654451 0.05357142857142857 0.10732984293193717
0 0.6660714285714285 0.5294502617801048 0.04285714285714286 0.07984293193717278
0 0.696875 0.47840314136125656 0.03660714285714286 0.06675392670157068
0 0.7348214285714285 0.4502617801047121 0.026785714285714284 0.0549738219895288
0 0.6486607142857143 0.4476439790575916 0.024107142857142855 0.05235602094240838
0 0.6111607142857143 0.47578534031413616 0.03482142857142857 0.06413612565445026
0 0.8263392857142857 0.5111256544502618 0.045535714285714284 0.08769633507853404
0 0.9191964285714286 0.48625654450261785 0.03839285714285714 0.0693717277486911
0 0.3549107142857143 0.48756544502617805 0.05089285714285714 0.07984293193717278
0 0.56875 0.4509162303664922 0.030357142857142857 0.04842931937172775
0 0.0875 0.4502617801047121 0.039285714285714285 0.07329842931937174
0 0.017410714285714286 0.42146596858638746 0.029464285714285714 0.060209424083769635
0 0.23526785714285714 0.47513089005235604 0.040178571428571425 0.06806282722513089
0 0.30848214285714287 0.3965968586387435 0.016964285714285713 0.03664921465968587
0 0.2839285714285714 0.42866492146596863 0.017857142857142856 0.03534031413612566
0 0.5254464285714285 0.4325916230366492 0.02589285714285714 0.04842931937172775
