1 0.7837606837606838 0.5981481481481482 0.06324786324786325 0.11481481481481481
1 0.7623931623931623 0.46111111111111114 0.028205128205128206 0.05740740740740741
1 0.6155982905982906 0.5504629629629629 0.04658119658119658 0.07685185185185185
1 0.5811965811965812 0.44212962962962965 0.026495726495726495 0.03981481481481482
1 0.5628205128205128 0.3861111111111111 0.019658119658119658 0.03888888888888889
1 0.5354700854700855 0.4138888888888889 0.02393162393162393 0.0462962962962963
1 0.5132478632478632 0.5300925925925926 0.040170940170940174 0.062037037037037036
1 0.4108974358974359 0.48888888888888893 0.03290598290598291 0.05925925925925926
1 0.33824786324786327 0.4847222222222222 0.03376068376068376 0.0638888888888889
1 0.4329059829059829 0.39583333333333337 0.018803418803418803 0.03796296296296296
1 0.383974358974359 0.39861111111111114 0.018376068376068377 0.03425925925925926
1 0.28034188034188035 0.4342592592592593 0.028205128205128206 0.05
1 0.21816239316239316 0.425 0.02435897435897436 0.037037037037037035
1 0.17564102564102563 0.4189814814814815 0.019658119658119658 0.04166666666666667
1 0.15555555555555556 0.4078703703703704 0.01623931623931624 0.04537037037037037
1 0.3217948717948718 0.39537037037037037 0.013675213675213675 0.02962962962962963
1 0.4617521367521368 0.4226851851851852 0.02094017094017094 0.036111111111111115
