1 0.8553418803418803 0.44074074074074077 0.025213675213675214 0.05
1 0.8085470085470086 0.43842592592592594 0.022222222222222223 0.05462962962962963
1 0.764102564102564 0.4226851851851852 0.023076923076923078 0.05277777777777778
1 0.7115384615384616 0.4027777777777778 0.023076923076923078 0.05740740740740741
1 0.6747863247863248 0.4134259259259259 0.019658119658119658 0.04166666666666667
1 0.5634615384615385 0.42592592592592593 0.018376068376068377 0.040740740740740744
1 0.49423076923076925 0.412962962962963 0.02094017094017094 0.04814814814814815
1 0.4341880341880342 0.4328703703703704 0.019658119658119658 0.04722222222222222
1 0.3784188034188034 0.42685185185185187 0.020085470085470087 0.05185185185185186
1 0.3416666666666667 0.40370370370370373 0.019230769230769232 0.05
1 0.2980769230769231 0.4305555555555556 0.018376068376068377 0.04259259259259259
1 0.24166666666666667 0.3814814814814815 0.021794871794871794 0.0462962962962963
