0 0.19960278053624628 0.3546099290780142 0.027805362462760674 0.07446808510638298
0 0.8877855014895729 0.33421985815602834 0.019860973187686197 0.054964539007092195
0 0.8426017874875869 0.30939716312056736 0.022840119165839126 0.047872340425531915
0 0.7904667328699106 0.2978723404255319 0.023833167825223434 0.03900709219858156
0 0.7591857000993049 0.2712765957446808 0.016881827209533268 0.0425531914893617
0 0.7174776564051638 0.29432624113475175 0.020854021847070504 0.0425531914893617
0 0.6623634558093346 0.27925531914893614 0.021847070506454815 0.03723404255319149
0 0.628599801390268 0.26861702127659576 0.021847070506454815 0.047872340425531915
0 0.6231380337636544 0.22074468085106383 0.022840119165839126 0.04078014184397163
0 0.6653426017874876 0.21985815602836878 0.027805362462760674 0.03900709219858156
0 0.7383316782522343 0.1826241134751773 0.008937437934458788 0.035460992907801414
0 0.7462760675273088 0.22695035460992907 0.014895729890764648 0.028368794326241134
0 0.7830188679245282 0.21365248226950354 0.016881827209533268 0.03368794326241135
0 0.8515392254220456 0.2579787234042553 0.018867924528301886 0.047872340425531915
0 0.8316782522343594 0.23758865248226949 0.018867924528301886 0.03900709219858156
0 0.8346573982125124 0.1950354609929078 0.016881827209533268 0.031914893617021274
0 0.9081429990069513 0.2898936170212766 0.018867924528301886 0.051418439716312055
0 0.9394240317775571 0.2641843971631206 0.011916583912611717 0.03900709219858156
0 0.8887785501489572 0.20921985815602837 0.007944389275074478 0.024822695035460994
0 0.7909632571996028 0.15336879432624112 0.012909632571996028 0.02304964539007092
0 0.8182720953326713 0.17375886524822695 0.009930486593843098 0.024822695035460994
0 0.8520357497517378 0.19946808510638298 0.011916583912611717 0.026595744680851064
0 0.8639523336643495 0.18085106382978722 0.011916583912611717 0.024822695035460994
0 0.6951340615690169 0.19946808510638298 0.015888778550148957 0.04078014184397163
0 0.570506454816286 0.28723404255319146 0.020854021847070504 0.05319148936170213
0 0.4061569016881827 0.2783687943262411 0.015888778550148957 0.035460992907801414
0 0.43644488579940416 0.225177304964539 0.012909632571996028 0.031914893617021274
0 0.4687189672293942 0.19148936170212766 0.015888778550148957 0.031914893617021274
0 0.4175769612711023 0.22340425531914893 0.014895729890764648 0.035460992907801414
0 0.36643495531281034 0.20567375886524822 0.011916583912611717 0.031914893617021274
0 0.31777557100297915 0.25 0.015888778550148957 0.028368794326241134
0 0.27110228401191655 0.23138297872340424 0.017874875868917575 0.03368794326241135
0 0.37487586891757696 0.1826241134751773 0.018867924528301886 0.024822695035460994
0 0.3962264150943396 0.17819148936170212 0.011916583912611717 0.026595744680851064
0 0.35253227408143 0.20301418439716312 0.011916583912611717 0.026595744680851064
0 0.33515392254220455 0.20301418439716312 0.010923535253227408 0.01950354609929078
0 0.4786494538232373 0.15159574468085105 0.009930486593843098 0.01950354609929078
0 0.5069513406156901 0.15159574468085105 0.016881827209533268 0.030141843971631204
0 0.5302879841112215 0.14450354609929078 0.009930486593843098 0.030141843971631204
0 0.42105263157894735 0.15780141843971632 0.009930486593843098 0.024822695035460994
0 0.4602780536246276 0.1427304964539007 0.008937437934458788 0.02304964539007092
0 0.5248262164846077 0.21187943262411346 0.008937437934458788 0.030141843971631204
