1 0.20363247863247863 0.5703703703703704 0.0594017094017094 0.09074074074074075
1 0.41581196581196583 0.4828703703703704 0.040170940170940174 0.08240740740740742
1 0.24145299145299146 0.4462962962962963 0.023076923076923078 0.05185185185185186
1 0.33076923076923076 0.3773148148148148 0.02905982905982906 0.05648148148148149
1 0.15106837606837606 0.3685185185185185 0.02606837606837607 0.04814814814814815
1 0.10064102564102564 0.3662037037037037 0.02094017094017094 0.04351851851851852
1 0.5241452991452992 0.4550925925925926 0.027777777777777776 0.05092592592592593
1 0.6591880341880342 0.44583333333333336 0.02863247863247863 0.049074074074074076
1 0.4388888888888889 0.35000000000000003 0.024786324786324785 0.05
1 0.7574786324786325 0.375 0.02094017094017094 0.03888888888888889
1 0.7974358974358975 0.37962962962962965 0.017948717948717947 0.02962962962962963
1 0.8476495726495726 0.35000000000000003 0.014102564102564103 0.03333333333333333
1 0.8267094017094017 0.28935185185185186 0.011538461538461539 0.03425925925925926
1 0.797008547008547 0.2976851851851852 0.01282051282051282 0.02314814814814815
1 0.7264957264957265 0.3523148148148148 0.01452991452991453 0.030555555555555558
1 0.7044871794871795 0.35000000000000003 0.013247863247863248 0.02777777777777778
1 0.6688034188034188 0.3564814814814815 0.013675213675213675 0.031481481481481485
1 0.5985042735042735 0.3365740740740741 0.013247863247863248 0.026851851851851852
1 0.5066239316239316 0.35324074074074074 0.013247863247863248 0.028703703703703703
1 0.3472222222222222 0.32175925925925924 0.012393162393162393 0.026851851851851852
1 0.3938034188034188 0.32453703703703707 0.009829059829059829 0.02314814814814815
1 0.4128205128205128 0.2606481481481482 0.009401709401709401 0.019444444444444445
1 0.4653846153846154 0.3337962962962963 0.01282051282051282 0.026851851851851852
1 0.5079059829059829 0.274537037037037 0.009829059829059829 0.019444444444444445
1 0.30683760683760686 0.3162037037037037 0.010256410256410256 0.02314814814814815
1 0.6431623931623932 0.2986111111111111 0.011965811965811965 0.026851851851851852
