1 0.21324786324786324 0.5930555555555556 0.05384615384615385 0.11203703703703705
1 0.11773504273504273 0.4412037037037037 0.03290598290598291 0.05648148148148149
1 0.3405982905982906 0.4393518518518519 0.02393162393162393 0.04722222222222222
1 0.3976495726495726 0.5722222222222223 0.04401709401709402 0.0925925925925926
1 0.5004273504273504 0.5203703703703704 0.037606837606837605 0.08333333333333334
1 0.5337606837606838 0.4652777777777778 0.029914529914529916 0.08240740740740742
1 0.6463675213675214 0.48750000000000004 0.03290598290598291 0.06944444444444445
1 0.6995726495726495 0.4689814814814815 0.02564102564102564 0.058333333333333334
1 0.7538461538461538 0.44907407407407407 0.024786324786324785 0.05
1 0.7799145299145299 0.4537037037037037 0.01452991452991453 0.03518518518518519
1 0.8164529914529914 0.4356481481481482 0.016666666666666666 0.03981481481481482
1 0.8414529914529915 0.43703703703703706 0.01452991452991453 0.03518518518518519
