1 0.7311965811965812 0.4828703703703704 0.04871794871794872 0.08981481481481482
1 0.8068376068376069 0.3560185185185185 0.03076923076923077 0.04722222222222222
1 0.7662393162393163 0.32222222222222224 0.02393162393162393 0.04259259259259259
1 0.7042735042735043 0.32407407407407407 0.021367521367521368 0.03888888888888889
1 0.6677350427350427 0.4361111111111111 0.03205128205128205 0.06481481481481481
1 0.6047008547008547 0.3736111111111111 0.03162393162393162 0.0638888888888889
1 0.6427350427350428 0.29444444444444445 0.017948717948717947 0.031481481481481485
1 0.6807692307692308 0.29814814814814816 0.015384615384615385 0.02962962962962963
1 0.5521367521367522 0.36712962962962964 0.028205128205128206 0.06018518518518519
1 0.492948717948718 0.3138888888888889 0.014102564102564103 0.037037037037037035
1 0.36730769230769234 0.27314814814814814 0.014102564102564103 0.03518518518518519
1 0.227991452991453 0.30833333333333335 0.020085470085470087 0.04259259259259259
1 0.1893162393162393 0.32731481481481484 0.026495726495726495 0.058333333333333334
1 0.13760683760683762 0.3837962962962963 0.037606837606837605 0.08055555555555556
