0 0.13369781312127235 0.3714788732394366 0.03280318091451292 0.08098591549295775
0 0.1784294234592445 0.34242957746478875 0.03280318091451292 0.061619718309859156
0 0.5720675944333995 0.28961267605633806 0.024850894632206758 0.04753521126760563
0 0.6083499005964214 0.2596830985915493 0.019880715705765405 0.04401408450704226
0 0.6824055666003975 0.25704225352112675 0.014910536779324053 0.045774647887323945
0 0.6491053677932405 0.22095070422535212 0.02385685884691849 0.03697183098591549
0 0.7499999999999999 0.2764084507042254 0.018886679920477135 0.04929577464788733
0 0.8001988071570576 0.2869718309859155 0.017892644135188866 0.0528169014084507
0 0.8489065606361829 0.33098591549295775 0.019880715705765405 0.04929577464788733
0 0.9150099403578528 0.3714788732394366 0.014910536779324053 0.05985915492957747
0 0.8687872763419482 0.2984154929577465 0.02385685884691849 0.04753521126760563
0 0.49751491053677926 0.21214788732394366 0.016898608349900594 0.040492957746478875
0 0.4463220675944334 0.2147887323943662 0.013916500994035784 0.03169014084507042
0 0.42196819085487075 0.2658450704225352 0.016898608349900594 0.04929577464788733
0 0.3707753479125248 0.2605633802816901 0.025844930417495027 0.03873239436619719
0 0.7514910536779323 0.2007042253521127 0.021868787276341946 0.035211267605633804
0 0.6998011928429423 0.16109154929577466 0.019880715705765405 0.022887323943661973
0 0.7087475149105367 0.19806338028169015 0.013916500994035784 0.029929577464788734
0 0.5780318091451292 0.11795774647887325 0.010934393638170973 0.024647887323943664
0 0.5273359840954274 0.15492957746478875 0.014910536779324053 0.02112676056338028
0 0.5347912524850894 0.19630281690140847 0.015904572564612324 0.03345070422535212
0 0.5104373757455268 0.19278169014084506 0.016898608349900594 0.03697183098591549
0 0.4796222664015904 0.18309859154929578 0.016898608349900594 0.03169014084507042
0 0.4642147117296222 0.13732394366197184 0.017892644135188866 0.03169014084507042
0 0.43936381709741545 0.17341549295774647 0.015904572564612324 0.022887323943661973
0 0.4174950298210735 0.15492957746478875 0.017892644135188866 0.028169014084507043
0 0.39662027833001984 0.19630281690140847 0.02385685884691849 0.029929577464788734
0 0.6153081510934393 0.16637323943661972 0.015904572564612324 0.02640845070422535
0 0.61779324055666 0.13908450704225353 0.014910536779324053 0.028169014084507043
0 0.6764413518886679 0.1153169014084507 0.010934393638170973 0.019366197183098594
0 0.849403578528827 0.15492957746478875 0.010934393638170973 0.02112676056338028
0 0.8434393638170973 0.2359154929577465 0.014910536779324053 0.03169014084507042
