0 0.5555555555555556 0.4050359712230216 0.02506265664160401 0.04748201438848921
0 0.5158730158730158 0.4 0.02756892230576441 0.04892086330935252
0 0.6219715956558062 0.43237410071942445 0.025898078529657476 0.050359712230215826
0 0.018796992481203006 0.42158273381294964 0.020885547201336674 0.04316546762589928
0 0.24060150375939848 0.33741007194244604 0.013366750208855471 0.033093525179856115
0 0.26608187134502925 0.3532374100719425 0.015873015873015872 0.030215827338129497
0 0.30033416875522134 0.37194244604316545 0.01921470342522974 0.033093525179856115
0 0.2969924812030075 0.30863309352517987 0.012531328320802004 0.033093525179856115
0 0.3467000835421888 0.3762589928057554 0.01670843776106934 0.03884892086330936
0 0.4227234753550543 0.3381294964028777 0.02172096908939014 0.034532374100719423
0 0.45822890559732665 0.3474820143884892 0.017543859649122806 0.041726618705035974
0 0.4252297410192147 0.2985611510791367 0.01670843776106934 0.03597122302158273
0 0.37259816207184626 0.2892086330935252 0.020050125313283207 0.031654676258992806
0 0.6783625730994152 0.46187050359712234 0.028404344193817876 0.05467625899280576
0 0.7159565580618212 0.49784172661870507 0.03007518796992481 0.08633093525179857
0 0.8512949039264828 0.5079136690647482 0.026733500417710943 0.05755395683453238
0 0.8061821219715957 0.4093525179856115 0.02506265664160401 0.0618705035971223
0 0.7514619883040935 0.40143884892086334 0.025898078529657476 0.0460431654676259
0 0.7055137844611529 0.3510791366906475 0.01921470342522974 0.051798561151079135
0 0.6783625730994152 0.3762589928057554 0.02172096908939014 0.03884892086330936
0 0.6679197994987468 0.3316546762589928 0.02422723475355054 0.03597122302158273
0 0.6106934001670843 0.32661870503597124 0.03007518796992481 0.031654676258992806
0 0.6290726817042607 0.37985611510791367 0.03341687552213868 0.03741007194244604
0 0.5655806182121972 0.2956834532374101 0.018379281537176273 0.03597122302158273
0 0.8788638262322472 0.3575539568345324 0.015037593984962405 0.03884892086330936
0 0.8341687552213868 0.37841726618705035 0.020885547201336674 0.03741007194244604
0 0.8642439431913116 0.46258992805755395 0.03258145363408521 0.04748201438848921
0 0.9385964912280701 0.4028776978417266 0.012531328320802004 0.03741007194244604
0 0.9473684210526315 0.3589928057553957 0.015037593984962405 0.03884892086330936
0 0.8333333333333333 0.2935251798561151 0.012531328320802004 0.020143884892086333
0 0.8934837092731829 0.31510791366906477 0.014202172096908938 0.031654676258992806
0 0.7355889724310777 0.2827338129496403 0.017543859649122806 0.033093525179856115
0 0.7832080200501252 0.2920863309352518 0.014202172096908938 0.02877697841726619
0 0.8934837092731829 0.2539568345323741 0.014202172096908938 0.030215827338129497
0 0.7614870509607351 0.22589928057553957 0.01086048454469507 0.031654676258992806
0 0.6904761904761905 0.2712230215827338 0.014202172096908938 0.02158273381294964
0 0.658312447786132 0.24892086330935254 0.011695906432748537 0.02877697841726619
0 0.5355054302422724 0.2539568345323741 0.013366750208855471 0.02733812949640288
0 0.510860484544695 0.2719424460431655 0.014202172096908938 0.025899280575539568
0 0.47619047619047616 0.23956834532374102 0.018379281537176273 0.03884892086330936
0 0.6190476190476191 0.22014388489208633 0.01670843776106934 0.03741007194244604
0 0.38888888888888884 0.3539568345323741 0.02422723475355054 0.031654676258992806
0 0.9243943191311612 0.47697841726618706 0.01921470342522974 0.058992805755395686
