0 0.7599522292993631 0.37570224719101125 0.026273885350318472 0.04073033707865169
0 0.7766719745222931 0.3047752808988764 0.02786624203821656 0.042134831460674156
0 0.651671974522293 0.36797752808988765 0.03423566878980892 0.03932584269662921
0 0.7113853503184714 0.27808988764044945 0.019904458598726117 0.05337078651685393
0 0.7105891719745223 0.2247191011235955 0.026273885350318472 0.0449438202247191
0 0.7503980891719746 0.2268258426966292 0.023089171974522295 0.0351123595505618
0 0.8065286624203822 0.23314606741573032 0.01592356687898089 0.047752808988764044
0 0.8431528662420382 0.2893258426966292 0.027070063694267517 0.05337078651685393
0 0.723328025477707 0.18469101123595505 0.018312101910828025 0.03230337078651685
0 0.6823248407643312 0.15660112359550563 0.025477707006369428 0.02949438202247191
0 0.652468152866242 0.2169943820224719 0.021496815286624206 0.04073033707865169
0 0.6457006369426752 0.27457865168539325 0.025477707006369428 0.043539325842696625
0 0.598328025477707 0.2521067415730337 0.019904458598726117 0.04073033707865169
0 0.5740445859872612 0.23735955056179775 0.02070063694267516 0.03651685393258427
0 0.4940286624203822 0.29424157303370785 0.018312101910828025 0.03792134831460674
0 0.5565286624203822 0.3188202247191011 0.02388535031847134 0.047752808988764044
0 0.9104299363057325 0.2675561797752809 0.021496815286624206 0.043539325842696625
0 0.884156050955414 0.19803370786516852 0.015127388535031847 0.025280898876404494
0 0.8523089171974523 0.15098314606741572 0.018312101910828025 0.03230337078651685
0 0.8029458598726115 0.13764044943820225 0.013535031847133758 0.025280898876404494
0 0.4064490445859873 0.2928370786516854 0.023089171974522295 0.04073033707865169
0 0.4840764331210191 0.22050561797752807 0.01592356687898089 0.028089887640449437
0 0.3463375796178344 0.22612359550561797 0.01592356687898089 0.03089887640449438
0 0.3351910828025478 0.22120786516853932 0.01592356687898089 0.023876404494382022
0 0.30732484076433125 0.26053370786516855 0.01751592356687898 0.03230337078651685
0 0.3471337579617835 0.27808988764044945 0.02070063694267516 0.028089887640449437
0 0.3929140127388535 0.20224719101123595 0.021496815286624206 0.033707865168539325
0 0.41839171974522293 0.23314606741573032 0.016719745222929936 0.02247191011235955
0 0.46257961783439494 0.16713483146067415 0.014331210191082803 0.025280898876404494
0 0.5155254777070064 0.1952247191011236 0.015127388535031847 0.042134831460674156
0 0.5370222929936306 0.17134831460674158 0.01194267515923567 0.03089887640449438
0 0.5668789808917197 0.1678370786516854 0.009554140127388536 0.023876404494382022
0 0.6445063694267517 0.1818820224719101 0.013535031847133758 0.02949438202247191
