1 0.8681623931623932 0.2935185185185185 0.03205128205128205 0.06481481481481481
1 0.7822649572649573 0.2990740740740741 0.02264957264957265 0.061111111111111116
1 0.667094017094017 0.2814814814814815 0.02393162393162393 0.05555555555555556
1 0.6264957264957265 0.2898148148148148 0.022222222222222223 0.053703703703703705
1 0.5752136752136752 0.2675925925925926 0.023076923076923078 0.05185185185185186
1 0.4831196581196581 0.27361111111111114 0.020085470085470087 0.03981481481481482
1 0.4010683760683761 0.2833333333333333 0.01581196581196581 0.037037037037037035
1 0.37435897435897436 0.2916666666666667 0.01452991452991453 0.031481481481481485
1 0.32264957264957267 0.2851851851851852 0.013675213675213675 0.03518518518518519
1 0.30128205128205127 0.28425925925925927 0.011111111111111112 0.031481481481481485
1 0.2170940170940171 0.30462962962962964 0.011965811965811965 0.031481481481481485
1 0.43974358974358974 0.2888888888888889 0.01282051282051282 0.02777777777777778
