1 0.8997863247863248 0.3625 0.019230769230769232 0.05277777777777778
1 0.8393162393162393 0.35879629629629634 0.021367521367521368 0.04537037037037037
1 0.7681623931623932 0.3824074074074074 0.023504273504273504 0.040740740740740744
1 0.698076923076923 0.3740740740740741 0.019230769230769232 0.04814814814814815
1 0.6732905982905983 0.3662037037037037 0.014102564102564103 0.03796296296296296
1 0.6346153846153846 0.3837962962962963 0.017094017094017096 0.03796296296296296
1 0.6104700854700855 0.36944444444444446 0.013247863247863248 0.03333333333333333
1 0.5797008547008548 0.3652777777777778 0.018376068376068377 0.04537037037037037
1 0.5568376068376069 0.38287037037037036 0.013675213675213675 0.030555555555555558
1 0.49914529914529915 0.3768518518518519 0.017948717948717947 0.03888888888888889
1 0.4205128205128205 0.39537037037037037 0.01623931623931624 0.040740740740740744
1 0.44294871794871793 0.3611111111111111 0.016666666666666666 0.03333333333333333
1 0.15427350427350428 0.40694444444444444 0.019658119658119658 0.03425925925925926
1 0.20277777777777778 0.40694444444444444 0.018376068376068377 0.036111111111111115
1 0.227991452991453 0.40740740740740744 0.012393162393162393 0.031481481481481485
1 0.24487179487179486 0.41064814814814815 0.017094017094017096 0.04166666666666667
1 0.2935897435897436 0.40092592592592596 0.019658119658119658 0.03888888888888889
1 0.2658119658119658 0.3787037037037037 0.017094017094017096 0.031481481481481485
1 0.18782051282051282 0.40092592592592596 0.011538461538461539 0.03333333333333333
1 0.3391025641025641 0.3851851851851852 0.014957264957264958 0.02962962962962963
1 0.35876068376068376 0.3990740740740741 0.019230769230769232 0.03888888888888889
1 0.3886752136752137 0.3791666666666667 0.014102564102564103 0.030555555555555558
1 0.4049145299145299 0.3763888888888889 0.013247863247863248 0.030555555555555558
1 0.3752136752136752 0.3625 0.011111111111111112 0.021296296296296296
1 0.6478632478632479 0.3560185185185185 0.01282051282051282 0.03425925925925926
1 0.7175213675213675 0.3819444444444445 0.017094017094017096 0.030555555555555558
