1 0.497008547008547 0.3893518518518519 0.10256410256410256 0.25462962962962965
1 0.21047008547008547 0.31157407407407406 0.06282051282051282 0.12685185185185185
1 0.2604700854700855 0.32916666666666666 0.03290598290598291 0.0712962962962963
1 0.10277777777777777 0.29212962962962963 0.03034188034188034 0.07314814814814816
1 0.11752136752136752 0.22083333333333335 0.035897435897435895 0.058333333333333334
1 0.36196581196581196 0.27222222222222225 0.020512820512820513 0.03888888888888889
1 0.3326923076923077 0.27083333333333337 0.02606837606837607 0.04351851851851852
1 0.8094017094017094 0.3990740740740741 0.06068376068376068 0.13518518518518519
1 0.8681623931623932 0.37222222222222223 0.049145299145299144 0.13333333333333333
1 0.5786324786324787 0.2606481481481482 0.03333333333333333 0.07314814814814816
1 0.6230769230769231 0.28055555555555556 0.022222222222222223 0.05185185185185186
