0 0.8284854563691073 0.35790408525754885 0.02407221664994985 0.047957371225577264
0 0.8450351053159478 0.3019538188277087 0.01905717151454363 0.05328596802841919
0 0.9007021063189569 0.32149200710479575 0.020060180541624874 0.04973357015985791
0 0.9247743229689067 0.2788632326820604 0.01805416248746239 0.05328596802841919
0 0.9242728184553661 0.23534635879218474 0.02106318956870612 0.04085257548845471
0 0.8831494483450351 0.23534635879218474 0.023069207622868605 0.04085257548845471
0 0.7843530591775326 0.2619893428063943 0.01805416248746239 0.04440497335701599
0 0.8114343029087262 0.24511545293072826 0.01805416248746239 0.03907637655417407
0 0.7838515546639919 0.19982238010657194 0.01905717151454363 0.03730017761989343
0 0.7668004012036108 0.1838365896980462 0.013039117352056168 0.03019538188277087
0 0.7186559679037111 0.23357015985790408 0.017051153460381142 0.03374777975133215
0 0.7362086258776329 0.3623445825932505 0.02407221664994985 0.056838365896980464
0 0.6800401203610833 0.3410301953818828 0.026078234704112337 0.05328596802841919
0 0.6594784353059178 0.2699822380106572 0.023069207622868605 0.04973357015985791
0 0.6328986960882648 0.24333925399644762 0.020060180541624874 0.04262877442273535
0 0.6178535606820461 0.2921847246891652 0.028084252758274825 0.0586145648312611
0 0.5867602808425276 0.2735346358792185 0.022066198595787363 0.046181172291296625
0 0.5917753259779338 0.24067495559502666 0.02407221664994985 0.0586145648312611
0 0.522567703109328 0.2753108348134991 0.03811434302908726 0.04973357015985791
0 0.5536609829488466 0.17850799289520428 0.0160481444332999 0.026642984014209593
0 0.5611835506519559 0.1518650088809947 0.015045135406218655 0.03374777975133215
0 0.5857572718154463 0.108348134991119 0.00802407221664995 0.021314387211367674
0 0.6354062186559679 0.1483126110124334 0.015045135406218655 0.026642984014209593
0 0.6318956870611836 0.09946714031971582 0.012036108324974926 0.024866785079928955
0 0.6534603811434303 0.10035523978685613 0.013039117352056168 0.023090586145648313
0 0.7522567703109329 0.12344582593250444 0.014042126379137413 0.03374777975133215
0 0.7397191574724172 0.1669626998223801 0.015045135406218655 0.021314387211367674
0 0.7041123370110332 0.15985790408525755 0.012036108324974926 0.024866785079928955
0 0.7231695085255767 0.1349911190053286 0.014042126379137413 0.024866785079928955
0 0.7617853560682046 0.13587921847246892 0.013039117352056168 0.026642984014209593
0 0.7858575727181545 0.15719360568383658 0.007021063189568706 0.019538188277087035
0 0.804914744232698 0.19094138543516875 0.011033099297893681 0.026642984014209593
0 0.820962888665998 0.16341030195381884 0.011033099297893681 0.028419182948490232
0 0.8385155466399198 0.21047957371225579 0.014042126379137413 0.03019538188277087
0 0.8515546639919759 0.18206039076376554 0.014042126379137413 0.03019538188277087
0 0.8635907723169508 0.19005328596802842 0.014042126379137413 0.028419182948490232
0 0.8891675025075225 0.19715808170515098 0.015045135406218655 0.028419182948490232
0 0.8786359077231695 0.14564831261101244 0.010030090270812437 0.028419182948490232
0 0.9378134403209629 0.2113676731793961 0.010030090270812437 0.03197158081705151
0 0.932296890672016 0.17850799289520428 0.013039117352056168 0.023090586145648313
0 0.6659979939819458 0.20870337477797515 0.01805416248746239 0.03374777975133215
0 0.6965897693079238 0.19982238010657194 0.017051153460381142 0.03374777975133215
0 0.31344032096288865 0.23090586145648315 0.015045135406218655 0.028419182948490232
0 0.3455366098294885 0.20159857904085257 0.013039117352056168 0.015985790408525755
0 0.4057171514543631 0.19715808170515098 0.013039117352056168 0.024866785079928955
0 0.43981945837512537 0.21047957371225579 0.011033099297893681 0.023090586145648313
0 0.4879638916750251 0.23623445825932504 0.017051153460381142 0.028419182948490232
0 0.4172517552657974 0.17673179396092362 0.0160481444332999 0.026642984014209593
0 0.4699097291875627 0.14742451154529307 0.011033099297893681 0.021314387211367674
0 0.46489468405215645 0.1296625222024867 0.013039117352056168 0.024866785079928955
0 0.49699097291875627 0.12877442273534637 0.011033099297893681 0.019538188277087035
0 0.5235707121364093 0.15985790408525755 0.014042126379137413 0.028419182948490232
0 0.5366098294884654 0.13765541740674955 0.012036108324974926 0.023090586145648313
0 0.5275827482447342 0.11811722912966252 0.014042126379137413 0.03019538188277087
0 0.5095285857572718 0.11278863232682061 0.010030090270812437 0.023090586145648313
0 0.5957873620862588 0.16873889875666076 0.014042126379137413 0.028419182948490232
0 0.6203610832497493 0.14031971580817051 0.013039117352056168 0.028419182948490232
0 0.697592778335005 0.12699822380106573 0.011033099297893681 0.026642984014209593
