0 0.2390689300411523 0.8532021604938271 0.1242283950617284 0.24344135802469136
0 0.40213477366255146 0.7239583333333333 0.10108024691358025 0.1871141975308642
0 0.49228395061728397 0.6900077160493827 0.07767489711934157 0.13464506172839505
0 0.13271604938271606 0.6606867283950617 0.0771604938271605 0.12307098765432098
0 0.18171296296296297 0.5831404320987654 0.041923868312757205 0.10300925925925926
0 0.2680041152263375 0.5972222222222222 0.04938271604938272 0.09259259259259259
0 0.3715277777777778 0.5594135802469136 0.049125514403292186 0.07175925925925926
0 0.4456018518518519 0.5439814814814814 0.04140946502057614 0.08179012345679013
0 0.5664866255144033 0.6493055555555555 0.05787037037037038 0.10802469135802469
0 0.6280864197530864 0.5493827160493827 0.04218106995884774 0.07716049382716049
0 0.5133744855967078 0.5659722222222222 0.04835390946502058 0.08410493827160494
0 0.561985596707819 0.519483024691358 0.02777777777777778 0.04976851851851852
0 0.587962962962963 0.4967206790123457 0.02674897119341564 0.05054012345679012
0 0.021219135802469136 0.5619212962962963 0.04243827160493827 0.08217592592592592
0 0.058256172839506175 0.48418209876543206 0.040380658436213995 0.07021604938271604
0 0.14596193415637862 0.4785879629629629 0.03832304526748972 0.04899691358024691
0 0.21849279835390947 0.5150462962962963 0.04603909465020577 0.0625
0 0.847093621399177 0.3969907407407407 0.05787037037037038 0.10570987654320987
0 0.649048353909465 0.48167438271604934 0.015174897119341566 0.04050925925925926
0 0.3789866255144033 0.4619984567901234 0.024434156378600826 0.05054012345679012
0 0.4112654320987655 0.46219135802469136 0.02109053497942387 0.03780864197530864
0 0.4363425925925926 0.43287037037037035 0.018775720164609055 0.037037037037037035
0 0.33423353909465026 0.46257716049382713 0.023919753086419755 0.042438271604938266
0 0.2952674897119342 0.45293209876543206 0.02211934156378601 0.037037037037037035
0 0.5880915637860082 0.44926697530864196 0.018775720164609055 0.03279320987654321
0 0.5613425925925927 0.46566358024691357 0.017746913580246916 0.029320987654320986
0 0.5361368312757202 0.4728009259259259 0.017746913580246916 0.0320216049382716
0 0.5177469135802469 0.4884259259259259 0.02263374485596708 0.03780864197530864
0 0.4822530864197531 0.47993827160493824 0.02211934156378601 0.040123456790123455
0 0.5048868312757202 0.4515817901234568 0.0154320987654321 0.03433641975308642
0 0.10931069958847738 0.40354938271604934 0.01903292181069959 0.03626543209876543
0 0.06995884773662552 0.4097222222222222 0.01800411522633745 0.03780864197530864
0 0.08719135802469137 0.38599537037037035 0.01748971193415638 0.03510802469135802
0 0.1531635802469136 0.3821373456790123 0.017746913580246916 0.0320216049382716
0 0.23083847736625515 0.40432098765432095 0.018775720164609055 0.030864197530864196
0 0.1301440329218107 0.38966049382716045 0.01748971193415638 0.031635802469135804
0 0.4588477366255144 0.4836033950617284 0.02211934156378601 0.03510802469135802
0 0.2770061728395062 0.5165895061728395 0.0360082304526749 0.046296296296296294
