1 0.18525641025641026 0.4337962962962963 0.023504273504273504 0.04166666666666667
1 0.29252136752136754 0.4300925925925926 0.014957264957264958 0.036111111111111115
1 0.358974358974359 0.41435185185185186 0.015384615384615385 0.03425925925925926
1 0.4361111111111111 0.40972222222222227 0.014957264957264958 0.032407407407407406
1 0.4946581196581197 0.425 0.011538461538461539 0.02592592592592593
1 0.5574786324786325 0.41435185185185186 0.014102564102564103 0.026851851851851852
1 0.5978632478632478 0.40925925925925927 0.011965811965811965 0.02592592592592593
1 0.6722222222222223 0.41203703703703703 0.011965811965811965 0.02962962962962963
1 0.6974358974358974 0.4199074074074074 0.010256410256410256 0.02314814814814815
1 0.727991452991453 0.4134259259259259 0.009829059829059829 0.02314814814814815
