0 0.8764278296988577 0.27818853974122 0.016614745586708203 0.038817005545286505
0 0.8894080996884735 0.23290203327171904 0.013499480789200415 0.029574861367837338
0 0.8608515057113187 0.20517560073937152 0.008307372793354102 0.033271719038817
0 0.9361370716510903 0.22920517560073936 0.01142263759086189 0.03696857670979667
0 0.9158878504672897 0.18207024029574861 0.016614745586708203 0.027726432532347505
0 0.833852544132918 0.17375231053604437 0.012461059190031152 0.029574861367837338
0 0.8608515057113187 0.14417744916820702 0.018691588785046728 0.025878003696857672
0 0.8234683281412253 0.13123844731977818 0.010384215991692626 0.018484288354898334
0 0.7938733125649013 0.15711645101663585 0.01142263759086189 0.022181146025878003
0 0.8001038421599169 0.20517560073937152 0.017653167185877467 0.03696857670979667
0 0.8141225337487019 0.20517560073937152 0.012461059190031152 0.03696857670979667
0 0.7185877466251298 0.2301293900184843 0.012461059190031152 0.038817005545286505
0 0.7346832814122534 0.18207024029574861 0.01557632398753894 0.031423290203327174
0 0.7279335410176532 0.1377079482439926 0.010384215991692626 0.024029574861367836
0 0.7622014537902388 0.13401109057301294 0.010384215991692626 0.024029574861367836
0 0.7757009345794392 0.15064695009242143 0.014537902388369679 0.02033271719038817
0 0.7097611630321911 0.12292051756007394 0.009345794392523364 0.027726432532347505
0 0.6973001038421599 0.18022181146025879 0.017653167185877467 0.038817005545286505
0 0.681723779854621 0.22365988909426987 0.01973001038421599 0.033271719038817
0 0.6583592938733126 0.18853974121996303 0.012461059190031152 0.029574861367837338
0 0.5903426791277259 0.2301293900184843 0.017653167185877467 0.03512014787430684
0 0.6235721703011422 0.22458410351201477 0.017653167185877467 0.038817005545286505
0 0.557632398753894 0.18299445471349352 0.012461059190031152 0.025878003696857672
0 0.5254413291796469 0.18576709796672827 0.020768431983385252 0.024029574861367836
0 0.46988577362409134 0.1987060998151571 0.017653167185877467 0.031423290203327174
0 0.4740394600207684 0.16266173752310537 0.013499480789200415 0.033271719038817
0 0.3696780893042575 0.19316081330868762 0.014537902388369679 0.027726432532347505
0 0.3759086188992731 0.1756007393715342 0.018691588785046728 0.029574861367837338
0 0.4179646936656282 0.1756007393715342 0.009345794392523364 0.025878003696857672
0 0.4418483904465213 0.15064695009242143 0.013499480789200415 0.024029574861367836
0 0.32087227414330216 0.21256931608133087 0.02284527518172378 0.029574861367837338
0 0.5233644859813084 0.11829944547134935 0.012461059190031152 0.014787430683918669
0 0.5280373831775701 0.15064695009242143 0.01142263759086189 0.027726432532347505
0 0.48598130841121495 0.14140480591497226 0.010384215991692626 0.031423290203327174
0 0.4974039460020768 0.12846580406654343 0.012461059190031152 0.02033271719038817
0 0.5752855659397715 0.14140480591497226 0.018691588785046728 0.024029574861367836
0 0.612668743509865 0.10073937153419593 0.008307372793354102 0.02033271719038817
0 0.6313603322949117 0.15249537892791126 0.016614745586708203 0.031423290203327174
0 0.6568016614745587 0.13863216266173753 0.013499480789200415 0.029574861367837338
0 0.6754932502596054 0.10813308687615526 0.01557632398753894 0.031423290203327174
