0 0.9012820512820513 0.5682692307692307 0.046153846153846156 0.10961538461538461
0 0.7705128205128206 0.6701923076923078 0.05897435897435897 0.10192307692307692
0 0.7410256410256411 0.5932692307692308 0.038461538461538464 0.05961538461538462
0 0.9397435897435897 0.4711538461538462 0.020512820512820513 0.038461538461538464
0 0.8621794871794872 0.5211538461538462 0.04487179487179487 0.08846153846153847
0 0.7980769230769231 0.5028846153846154 0.026923076923076925 0.04423076923076923
0 0.6564102564102564 0.5682692307692307 0.038461538461538464 0.07115384615384615
0 0.5852564102564103 0.6596153846153846 0.057692307692307696 0.08846153846153847
0 0.5737179487179487 0.5134615384615385 0.03717948717948718 0.06923076923076923
0 0.6217948717948718 0.48365384615384616 0.03076923076923077 0.051923076923076926
0 0.6692307692307692 0.4673076923076923 0.028205128205128206 0.05
0 0.4897435897435897 0.5692307692307692 0.046153846153846156 0.07692307692307693
0 0.3544871794871795 0.5480769230769231 0.04487179487179487 0.09615384615384616
0 0.22243589743589742 0.5278846153846154 0.029487179487179487 0.04038461538461539
0 0.3057692307692308 0.5076923076923077 0.029487179487179487 0.057692307692307696
0 0.3557692307692308 0.48173076923076924 0.021794871794871794 0.03653846153846154
0 0.3211538461538462 0.4625 0.021794871794871794 0.03653846153846154
0 0.36666666666666664 0.45096153846153847 0.020512820512820513 0.04038461538461539
0 0.4076923076923077 0.4586538461538462 0.020512820512820513 0.03653846153846154
0 0.03333333333333333 0.5076923076923077 0.023076923076923078 0.06923076923076923
0 0.7397435897435898 0.49903846153846154 0.02564102564102564 0.04423076923076923
0 0.5884615384615385 0.46153846153846156 0.020512820512820513 0.03461538461538462
0 0.5378205128205128 0.48461538461538467 0.029487179487179487 0.05384615384615385
0 0.46794871794871795 0.5048076923076923 0.03333333333333333 0.051923076923076926
0 0.41346153846153844 0.5471153846153847 0.03461538461538462 0.05576923076923077
0 0.2705128205128205 0.5846153846153846 0.046153846153846156 0.07692307692307693
