0 0.19090909090909092 0.5640326975476839 0.09818181818181818 0.17983651226158037
0 0.51 0.4632152588555858 0.0890909090909091 0.19618528610354222
0 0.35818181818181816 0.7670299727520435 0.11636363636363636 0.220708446866485
0 0.5990909090909091 0.7874659400544959 0.13272727272727272 0.20163487738419617
0 0.8390909090909091 0.6376021798365122 0.14 0.20708446866485014
0 0.6854545454545454 0.5803814713896458 0.09090909090909091 0.14713896457765668
0 0.9327272727272727 0.46866485013623976 0.06545454545454546 0.16893732970027248
0 0.9509090909090909 0.20708446866485014 0.06181818181818182 0.1416893732970027
0 0.8845454545454545 0.08719346049046321 0.07090909090909091 0.15258855585831063
0 0.5790909090909091 0.25749318801089915 0.07090909090909091 0.1444141689373297
0 0.6954545454545454 0.0994550408719346 0.056363636363636366 0.10626702997275204
0 0.4254545454545455 0.2329700272479564 0.06545454545454546 0.13896457765667575
0 0.48727272727272725 0.15667574931880107 0.05090909090909091 0.12261580381471389
0 0.33090909090909093 0.3201634877384196 0.08363636363636363 0.18256130790190736
0 0.1809090909090909 0.2506811989100817 0.07454545454545454 0.16348773841961853
0 0.25363636363636366 0.1866485013623978 0.06 0.12261580381471389
0 0.056363636363636366 0.2547683923705722 0.08363636363636363 0.18256130790190736
0 0.12454545454545454 0.17983651226158037 0.056363636363636366 0.13623978201634876
0 0.19272727272727272 0.08991825613079019 0.05454545454545454 0.13623978201634876
0 0.28545454545454546 0.08310626702997274 0.06545454545454546 0.10081743869209808
0 0.017272727272727273 0.16076294277929154 0.034545454545454546 0.11989100817438691
0 0.509090909090909 0.051771117166212535 0.04727272727272727 0.09264305177111716
