0 0.23394495412844038 0.392109500805153 0.05321100917431193 0.09822866344605476
0 0.671559633027523 0.32286634460547503 0.025688073394495414 0.05636070853462158
0 0.8279816513761469 0.38003220611916266 0.01926605504587156 0.05475040257648953
0 0.8940366972477065 0.4243156199677939 0.022935779816513763 0.0499194847020934
0 0.7279816513761468 0.2753623188405797 0.02110091743119266 0.04186795491143317
0 0.7738532110091744 0.24476650563607086 0.01926605504587156 0.05152979066022544
0 0.7463302752293578 0.21739130434782608 0.01743119266055046 0.04508856682769726
0 0.7146788990825689 0.20933977455716585 0.01834862385321101 0.04186795491143317
0 0.6807339449541285 0.2109500805152979 0.02018348623853211 0.03542673107890499
0 0.6729357798165138 0.1972624798711755 0.01743119266055046 0.040257648953301126
0 0.6747706422018349 0.25523349436392917 0.02110091743119266 0.04669887278582931
0 0.6325688073394495 0.2037037037037037 0.01743119266055046 0.040257648953301126
0 0.5463302752293578 0.3083735909822866 0.022935779816513763 0.04669887278582931
0 0.558256880733945 0.19162640901771336 0.01743119266055046 0.03542673107890499
