1 0.7162393162393162 0.5189814814814815 0.03076923076923077 0.05648148148148149
1 0.592948717948718 0.4810185185185185 0.025213675213675214 0.04166666666666667
1 0.4841880341880342 0.4444444444444445 0.02393162393162393 0.03888888888888889
1 0.4254273504273504 0.5824074074074075 0.02863247863247863 0.08888888888888889
1 0.39893162393162396 0.4314814814814815 0.020085470085470087 0.031481481481481485
1 0.3467948717948718 0.4046296296296297 0.009829059829059829 0.022222222222222223
1 0.36773504273504276 0.4046296296296297 0.012393162393162393 0.018518518518518517
1 0.3245726495726496 0.42453703703703705 0.01752136752136752 0.03425925925925926
1 0.2692307692307692 0.4013888888888889 0.011111111111111112 0.025
1 0.19914529914529913 0.41111111111111115 0.01282051282051282 0.02592592592592593
1 0.13782051282051283 0.4842592592592593 0.02264957264957265 0.05555555555555556
1 0.11217948717948718 0.412962962962963 0.012393162393162393 0.02962962962962963
1 0.24123931623931624 0.47824074074074074 0.023504273504273504 0.06018518518518519
1 0.30106837606837605 0.5050925925925926 0.020085470085470087 0.06944444444444445
1 0.16025641025641027 0.41574074074074074 0.013675213675213675 0.02962962962962963
