0 0.174953095684803 0.5050335570469798 0.03470919324577861 0.07718120805369127
0 0.6336772983114447 0.32298657718120805 0.019699812382739212 0.04530201342281879
0 0.5633208255159474 0.28942953020134227 0.02345215759849906 0.04865771812080537
0 0.5178236397748592 0.299496644295302 0.020637898686679174 0.03859060402684564
0 0.425891181988743 0.2634228187919463 0.01876172607879925 0.040268456375838924
0 0.474671669793621 0.2273489932885906 0.01876172607879925 0.03859060402684564
0 0.3893058161350844 0.26677852348993286 0.024390243902439025 0.0436241610738255
0 0.3621013133208255 0.24412751677852348 0.016885553470919325 0.03859060402684564
0 0.31050656660412757 0.2181208053691275 0.0150093808630394 0.02348993288590604
0 0.27204502814258913 0.23909395973154363 0.0150093808630394 0.028523489932885907
0 0.31191369606003755 0.24748322147651006 0.017823639774859287 0.028523489932885907
0 0.3424015009380863 0.2046979865771812 0.016885553470919325 0.03355704697986577
0 0.6219512195121951 0.25 0.0300187617260788 0.04697986577181208
0 0.6782363977485929 0.2609060402684564 0.0225140712945591 0.04865771812080537
0 0.7049718574108818 0.287751677852349 0.027204502814258912 0.03859060402684564
0 0.7621951219512195 0.2810402684563758 0.02345215759849906 0.05201342281879195
0 0.8405253283302063 0.299496644295302 0.020637898686679174 0.04530201342281879
0 0.8569418386491557 0.23741610738255034 0.019699812382739212 0.04530201342281879
0 0.9291744840525328 0.25922818791946306 0.019699812382739212 0.05201342281879195
0 0.8949343339587242 0.19630872483221476 0.0150093808630394 0.03355704697986577
0 0.8363039399624765 0.1988255033557047 0.017823639774859287 0.04530201342281879
0 0.8452157598499062 0.17953020134228187 0.013133208255159474 0.026845637583892617
0 0.7537523452157598 0.23993288590604026 0.019699812382739212 0.03691275167785235
0 0.7045028142589118 0.2197986577181208 0.01876172607879925 0.0436241610738255
0 0.7190431519699813 0.16359060402684564 0.01594746716697936 0.03523489932885906
0 0.7396810506566605 0.1929530201342282 0.017823639774859287 0.03691275167785235
0 0.7711069418386491 0.20721476510067113 0.016885553470919325 0.03859060402684564
0 0.7636022514071295 0.16275167785234898 0.013133208255159474 0.03355704697986577
0 0.7837711069418386 0.15016778523489932 0.01594746716697936 0.03859060402684564
0 0.7467166979362101 0.13087248322147652 0.0150093808630394 0.03355704697986577
0 0.7129455909943715 0.12835570469798657 0.0150093808630394 0.028523489932885907
0 0.6880863039399625 0.14513422818791946 0.01594746716697936 0.02181208053691275
0 0.6538461538461539 0.17114093959731544 0.0150093808630394 0.03355704697986577
0 0.6669793621013134 0.21644295302013422 0.026266416510318948 0.040268456375838924
0 0.6280487804878049 0.20134228187919462 0.02345215759849906 0.040268456375838924
0 0.5806754221388368 0.1669463087248322 0.01876172607879925 0.03859060402684564
0 0.5234521575984991 0.18456375838926173 0.016885553470919325 0.03691275167785235
0 0.50187617260788 0.18959731543624161 0.016885553470919325 0.03355704697986577
0 0.47607879924953095 0.18708053691275167 0.019699812382739212 0.03523489932885906
0 0.4446529080675422 0.18120805369127516 0.020637898686679174 0.03355704697986577
0 0.41369606003752346 0.18120805369127516 0.016885553470919325 0.026845637583892617
0 0.3897748592870544 0.1837248322147651 0.01594746716697936 0.028523489932885907
0 0.37382739212007504 0.18288590604026844 0.014071294559099437 0.026845637583892617
0 0.3850844277673546 0.21644295302013422 0.01594746716697936 0.030201342281879193
0 0.5478424015009381 0.16275167785234898 0.0150093808630394 0.03355704697986577
0 0.5586303939962477 0.1476510067114094 0.014071294559099437 0.020134228187919462
0 0.5201688555347092 0.1518456375838926 0.014071294559099437 0.028523489932885907
0 0.6121013133208255 0.1417785234899329 0.017823639774859287 0.025167785234899327
0 0.6374296435272045 0.11409395973154363 0.014071294559099437 0.030201342281879193
0 0.6787054409005628 0.1174496644295302 0.01594746716697936 0.026845637583892617
0 0.5820825515947468 0.11996644295302013 0.014071294559099437 0.028523489932885907
0 0.5609756097560976 0.11996644295302013 0.016885553470919325 0.02181208053691275
0 0.801594746716698 0.15855704697986578 0.01594746716697936 0.03859060402684564
0 0.8348968105065666 0.1459731543624161 0.016885553470919325 0.026845637583892617
0 0.8822701688555347 0.1686241610738255 0.012195121951219513 0.031879194630872486
