0 0.5794824399260629 0.24177631578947367 0.02033271719038817 0.039473684210526314
0 0.6737523105360443 0.34375 0.022181146025878003 0.039473684210526314
0 0.7592421441774492 0.3684210526315789 0.02310536044362292 0.05263157894736842
0 0.7292051756007394 0.359375 0.029574861367837338 0.06085526315789473
0 0.7735674676524954 0.2820723684210526 0.022181146025878003 0.04769736842105263
0 0.7315157116451017 0.2631578947368421 0.024953789279112754 0.049342105263157895
0 0.7518484288354899 0.23355263157894735 0.024953789279112754 0.042763157894736836
0 0.8017560073937153 0.25411184210526316 0.021256931608133085 0.03453947368421052
0 0.7768022181146026 0.19407894736842105 0.01756007393715342 0.042763157894736836
0 0.8313308687615527 0.19407894736842105 0.015711645101663587 0.042763157894736836
0 0.8516635859519408 0.1611842105263158 0.013863216266173753 0.039473684210526314
0 0.7134935304990758 0.2006578947368421 0.018484288354898334 0.029605263157894735
0 0.6524953789279113 0.1751644736842105 0.02033271719038817 0.02796052631578947
0 0.5633086876155268 0.18092105263157893 0.01756007393715342 0.029605263157894735
0 0.5466728280961183 0.18914473684210525 0.01756007393715342 0.03618421052631579
0 0.46487985212569316 0.2269736842105263 0.02033271719038817 0.03289473684210526
0 0.4362292051756007 0.24095394736842105 0.014787430683918669 0.024671052631578948
0 0.4431608133086876 0.18585526315789472 0.015711645101663587 0.029605263157894735
0 0.6589648798521257 0.11266447368421052 0.011090573012939002 0.021381578947368418
0 0.6890018484288355 0.10526315789473684 0.013863216266173753 0.02631578947368421
0 0.744916820702403 0.12088815789473684 0.012939001848428836 0.02796052631578947
0 0.8271719038817006 0.1439144736842105 0.011090573012939002 0.024671052631578948
0 0.9024953789279113 0.24424342105263155 0.01756007393715342 0.04769736842105263
0 0.9158964879852125 0.21217105263157893 0.014787430683918669 0.03618421052631579
0 0.8701478743068392 0.21792763157894735 0.015711645101663587 0.024671052631578948
0 0.4792051756007394 0.20148026315789472 0.015711645101663587 0.03125
0 0.28789279112754157 0.27713815789473684 0.015711645101663587 0.02796052631578947
