1 0.14636752136752137 0.6175925925925926 0.1141025641025641 0.32962962962962966
1 0.230982905982906 0.4532407407407408 0.06623931623931624 0.23055555555555557
1 0.382051282051282 0.7291666666666667 0.11965811965811966 0.19351851851851853
1 0.580982905982906 0.5666666666666667 0.09615384615384616 0.20555555555555557
1 0.775 0.5435185185185185 0.09700854700854701 0.20185185185185187
1 0.20854700854700856 0.17175925925925928 0.06837606837606838 0.13240740740740742
1 0.3217948717948718 0.22777777777777777 0.062393162393162394 0.15925925925925927
1 0.33824786324786327 0.09027777777777778 0.051709401709401706 0.10462962962962963
1 0.46474358974358976 0.3074074074074074 0.09188034188034189 0.2111111111111111
1 0.6198717948717949 0.32453703703703707 0.08247863247863248 0.18796296296296297
1 0.7070512820512821 0.33333333333333337 0.06794871794871794 0.1925925925925926
1 0.5089743589743589 0.1712962962962963 0.038461538461538464 0.13148148148148148
1 0.6743589743589744 0.0763888888888889 0.02564102564102564 0.06759259259259259
1 0.5978632478632478 0.040740740740740744 0.03333333333333333 0.07037037037037037
1 0.5668803418803419 0.09444444444444444 0.04316239316239316 0.08148148148148149
1 0.41217948717948716 0.034722222222222224 0.03376068376068376 0.06944444444444445
1 0.46324786324786327 0.02962962962962963 0.02905982905982906 0.05925925925925926
1 0.8726495726495727 0.25277777777777777 0.044444444444444446 0.10925925925925926
1 0.8965811965811966 0.12962962962962962 0.03076923076923077 0.0925925925925926
1 0.801923076923077 0.2476851851851852 0.053418803418803416 0.09351851851851853
1 0.822008547008547 0.15925925925925927 0.026923076923076925 0.053703703703703705
1 0.755982905982906 0.21712962962962964 0.028205128205128206 0.08055555555555556
