1 0.8495726495726496 0.38981481481481484 0.04786324786324786 0.10185185185185186
1 0.7801282051282051 0.4166666666666667 0.045726495726495724 0.07407407407407407
1 0.7239316239316239 0.3990740740740741 0.04786324786324786 0.09074074074074075
1 0.6747863247863248 0.3837962962962963 0.03333333333333333 0.07685185185185185
1 0.6269230769230769 0.33935185185185185 0.041025641025641026 0.09166666666666667
1 0.5572649572649573 0.3601851851851852 0.035897435897435895 0.07222222222222223
1 0.5012820512820513 0.37453703703703706 0.03247863247863248 0.06574074074074074
1 0.43974358974358974 0.3592592592592593 0.03504273504273504 0.07962962962962963
1 0.38675213675213677 0.3263888888888889 0.03504273504273504 0.05648148148148149
1 0.3472222222222222 0.36388888888888893 0.026923076923076925 0.05925925925925926
1 0.325 0.35879629629629634 0.012393162393162393 0.036111111111111115
1 0.2918803418803419 0.3939814814814815 0.024786324786324785 0.049074074074074076
1 0.27905982905982907 0.34444444444444444 0.01282051282051282 0.03518518518518519
1 0.24337606837606837 0.4 0.02606837606837607 0.05185185185185186
1 0.1997863247863248 0.41574074074074074 0.029487179487179487 0.04814814814814815
1 0.10277777777777777 0.3462962962962963 0.01581196581196581 0.03888888888888889
