0 0.21337849280270957 0.35714285714285715 0.013547840812870448 0.03318903318903319
0 0.24259102455546147 0.3629148629148629 0.012701100762066046 0.027417027417027416
0 0.2760372565622354 0.3874458874458874 0.01693480101608806 0.03318903318903319
0 0.3107535986452159 0.4054834054834055 0.02032176121930567 0.03751803751803752
0 0.46274343776460625 0.42424242424242425 0.02286198137171888 0.046176046176046176
0 0.5364098221845893 0.4292929292929293 0.021168501270110076 0.044733044733044736
0 0.5351397121083827 0.37662337662337664 0.01693480101608806 0.031746031746031744
0 0.607112616426757 0.3968253968253968 0.01693480101608806 0.0404040404040404
0 0.5884843353090601 0.481962481962482 0.02540220152413209 0.05194805194805195
0 0.632514817950889 0.5064935064935064 0.027095681625740897 0.06349206349206349
0 0.7074513124470787 0.5577200577200577 0.03132938187976291 0.06493506493506493
0 0.8293818797629128 0.5331890331890332 0.024555461473327687 0.06782106782106782
0 0.8535139712108383 0.49206349206349204 0.023708721422523286 0.06349206349206349
0 0.9191363251481794 0.49422799422799424 0.0279424216765453 0.06204906204906205
0 0.8704487722269263 0.38311688311688313 0.023708721422523286 0.05627705627705628
0 0.8179508890770533 0.37518037518037517 0.02540220152413209 0.0404040404040404
0 0.7823878069432684 0.4494949494949495 0.023708721422523286 0.05627705627705628
0 0.7133784928027096 0.4163059163059163 0.026248941574936492 0.05916305916305916
0 0.6655376799322608 0.3903318903318903 0.022015241320914477 0.05627705627705628
0 0.9445385266723115 0.38167388167388167 0.011007620660457238 0.04184704184704185
0 0.9242167654530059 0.3499278499278499 0.014394580863674851 0.03896103896103896
0 0.9026248941574936 0.3448773448773449 0.015241320914479254 0.03751803751803752
0 0.8666384419983065 0.29148629148629146 0.014394580863674851 0.03751803751803752
0 0.8217612193056731 0.31096681096681095 0.021168501270110076 0.044733044733044736
0 0.8890770533446232 0.2481962481962482 0.02032176121930567 0.02886002886002886
0 0.7497883149872989 0.25396825396825395 0.02286198137171888 0.0404040404040404
0 0.7176121930567315 0.30158730158730157 0.026248941574936492 0.023088023088023088
0 0.6862828111769687 0.329004329004329 0.01778154106689246 0.03751803751803752
0 0.674428450465707 0.2907647907647908 0.01778154106689246 0.03607503607503607
0 0.5558848433530906 0.2878787878787879 0.021168501270110076 0.04184704184704185
0 0.5685859441151566 0.2597402597402597 0.01947502116850127 0.046176046176046176
0 0.44580863674851817 0.26406926406926406 0.01778154106689246 0.025974025974025976
0 0.3725656223539373 0.33910533910533913 0.022015241320914477 0.04329004329004329
0 0.443268416596105 0.3629148629148629 0.021168501270110076 0.03318903318903319
0 0.39966130397967825 0.35064935064935066 0.023708721422523286 0.0404040404040404
0 0.40601185436071124 0.3037518037518038 0.01947502116850127 0.030303030303030304
0 0.5173581710414903 0.2878787878787879 0.02032176121930567 0.04184704184704185
0 0.3395427603725656 0.3088023088023088 0.010160880609652836 0.023088023088023088
0 0.6426756985605419 0.26046176046176045 0.01693480101608806 0.03607503607503607
0 0.7108382726502963 0.25901875901875904 0.01947502116850127 0.021645021645021644
0 0.6363251481795089 0.3232323232323232 0.021168501270110076 0.02886002886002886
0 0.5982218458933107 0.3564213564213564 0.01947502116850127 0.031746031746031744
