1 0.5121794871794871 0.412962962962963 0.1329059829059829 0.2611111111111111
1 0.8604700854700855 0.38981481481481484 0.03034188034188034 0.07222222222222223
1 0.7946581196581196 0.38333333333333336 0.025213675213675214 0.05185185185185186
1 0.7643162393162393 0.3717592592592593 0.03376068376068376 0.07314814814814816
1 0.6914529914529914 0.3787037037037037 0.019658119658119658 0.04259259259259259
1 0.2841880341880342 0.4236111111111111 0.024786324786324785 0.06944444444444445
1 0.30256410256410254 0.3731481481481482 0.015384615384615385 0.03333333333333333
1 0.2 0.4222222222222222 0.023076923076923078 0.0462962962962963
1 0.23547008547008547 0.3819444444444445 0.01282051282051282 0.036111111111111115
1 0.177991452991453 0.39814814814814814 0.020085470085470087 0.05
1 0.13653846153846153 0.3731481481481482 0.023504273504273504 0.04259259259259259
1 0.21068376068376068 0.3592592592592593 0.011965811965811965 0.024074074074074074
