1 0.8807692307692307 0.2726851851851852 0.03675213675213675 0.08240740740740742
1 0.8117521367521368 0.2972222222222222 0.027777777777777776 0.05185185185185186
1 0.7350427350427351 0.30694444444444446 0.023076923076923078 0.049074074074074076
1 0.6405982905982905 0.2800925925925926 0.022222222222222223 0.049074074074074076
1 0.6066239316239316 0.2884259259259259 0.023504273504273504 0.05092592592592593
1 0.5685897435897436 0.26342592592592595 0.02264957264957265 0.04537037037037037
1 0.5292735042735043 0.27361111111111114 0.018376068376068377 0.04166666666666667
1 0.46474358974358976 0.2652777777777778 0.019230769230769232 0.04537037037037037
1 0.3647435897435897 0.28055555555555556 0.013247863247863248 0.02962962962962963
1 0.29465811965811967 0.2796296296296296 0.012393162393162393 0.031481481481481485
1 0.3145299145299145 0.274537037037037 0.011965811965811965 0.03981481481481482
