0 0.6416666666666667 0.400625 0.14333333333333334 0.23875000000000002
0 0.1625 0.299375 0.06166666666666667 0.08875
0 0.29791666666666666 0.27 0.04916666666666667 0.095
0 0.5570833333333334 0.18937500000000002 0.04083333333333333 0.08375
0 0.96125 0.28250000000000003 0.04583333333333334 0.085
0 0.8625 0.15687500000000001 0.028333333333333335 0.06125
0 0.7083333333333334 0.180625 0.028333333333333335 0.05375
0 0.6220833333333333 0.193125 0.030833333333333334 0.058750000000000004
0 0.41750000000000004 0.36875 0.055 0.19
0 0.8220833333333334 0.33 0.06916666666666667 0.125
