0 0.40399999999999997 0.64025 0.049999999999999996 0.0755
0 0.2846666666666667 0.629 0.03866666666666667 0.056
0 0.07283333333333333 0.70275 0.07966666666666666 0.1325
0 0.0625 0.5595 0.028333333333333332 0.039
0 0.13849999999999998 0.6555 0.033666666666666664 0.036000000000000004
0 0.10783333333333334 0.5397500000000001 0.022333333333333334 0.0415
0 0.31033333333333335 0.52475 0.018 0.029500000000000002
0 0.2803333333333333 0.51075 0.016 0.0245
0 0.221 0.5165 0.018 0.03
0 0.19383333333333333 0.532 0.023666666666666666 0.036000000000000004
0 0.16 0.53725 0.019333333333333334 0.0285
0 0.374 0.505 0.018 0.031
0 0.42116666666666663 0.5145 0.015666666666666666 0.028
0 0.471 0.5195 0.017333333333333333 0.027
0 0.5036666666666666 0.52075 0.014666666666666666 0.0275
0 0.5421666666666667 0.5245 0.017666666666666667 0.028
0 0.5585 0.49775 0.014333333333333333 0.029500000000000002
0 0.5795 0.51225 0.015 0.025500000000000002
0 0.603 0.538 0.017333333333333333 0.032
0 0.6101666666666666 0.511 0.011 0.024
0 0.6418333333333334 0.5337500000000001 0.015 0.0305
0 0.6881666666666666 0.5375 0.017666666666666667 0.031
0 0.7541666666666667 0.53075 0.019666666666666666 0.0335
0 0.7875 0.5355 0.018333333333333333 0.03
0 0.9095 0.55075 0.02033333333333333 0.0465
