1 0.8852564102564102 0.31574074074074077 0.014957264957264958 0.037037037037037035
1 0.869017094017094 0.30833333333333335 0.016666666666666666 0.037037037037037035
1 0.8235042735042735 0.44583333333333336 0.017948717948717947 0.04537037037037037
1 0.7737179487179487 0.27870370370370373 0.018376068376068377 0.04259259259259259
1 0.7397435897435898 0.29074074074074074 0.017948717948717947 0.03888888888888889
1 0.711965811965812 0.28240740740740744 0.020512820512820513 0.04259259259259259
1 0.7914529914529914 0.4481481481481482 0.017094017094017096 0.0462962962962963
1 0.764102564102564 0.45601851851851855 0.017094017094017096 0.03981481481481482
1 0.7442307692307693 0.47361111111111115 0.021794871794871794 0.04351851851851852
1 0.7215811965811966 0.47361111111111115 0.020085470085470087 0.049074074074074076
1 0.6982905982905983 0.48240740740740745 0.022222222222222223 0.0462962962962963
1 0.6696581196581196 0.32546296296296295 0.019658119658119658 0.04537037037037037
1 0.669017094017094 0.49583333333333335 0.025213675213675214 0.05092592592592593
1 0.6427350427350428 0.2986111111111111 0.013675213675213675 0.04537037037037037
1 0.6254273504273504 0.3226851851851852 0.020085470085470087 0.04166666666666667
1 0.6333333333333333 0.4759259259259259 0.028205128205128206 0.05740740740740741
1 0.6036324786324786 0.5208333333333334 0.025213675213675214 0.0638888888888889
1 0.5844017094017094 0.2939814814814815 0.02094017094017094 0.049074074074074076
1 0.5662393162393162 0.5365740740740741 0.02735042735042735 0.06018518518518519
1 0.5521367521367522 0.31527777777777777 0.018803418803418803 0.05092592592592593
1 0.520940170940171 0.5171296296296296 0.03333333333333333 0.0638888888888889
1 0.5202991452991453 0.2976851851851852 0.016666666666666666 0.04722222222222222
1 0.5014957264957265 0.2939814814814815 0.02435897435897436 0.05277777777777778
1 0.47649572649572647 0.2726851851851852 0.026495726495726495 0.062037037037037036
1 0.48205128205128206 0.575925925925926 0.03418803418803419 0.06481481481481481
1 0.4465811965811966 0.34351851851851856 0.028205128205128206 0.05555555555555556
1 0.41431623931623934 0.5337962962962963 0.03376068376068376 0.0712962962962963
1 0.40683760683760684 0.33194444444444443 0.021367521367521368 0.05462962962962963
1 0.3658119658119658 0.3226851851851852 0.02905982905982906 0.05462962962962963
1 0.3504273504273504 0.5782407407407407 0.03675213675213675 0.0712962962962963
1 0.31196581196581197 0.34074074074074073 0.03076923076923077 0.07222222222222223
1 0.29252136752136754 0.625462962962963 0.03974358974358974 0.07314814814814816
1 0.26132478632478634 0.35833333333333334 0.03290598290598291 0.06481481481481481
1 0.2173076923076923 0.6430555555555556 0.04829059829059829 0.09166666666666667
1 0.20854700854700856 0.312962962962963 0.040170940170940174 0.06666666666666667
1 0.1519230769230769 0.3125 0.03290598290598291 0.06574074074074074
1 0.12756410256410255 0.6944444444444444 0.05 0.10925925925925926
1 0.1076923076923077 0.29814814814814816 0.035897435897435895 0.09444444444444444
