0 0.19405320813771518 0.6663286004056795 0.08450704225352113 0.13995943204868155
0 0.5164319248826291 0.6440162271805274 0.09389671361502347 0.14807302231237324
0 0.06572769953051644 0.5212981744421906 0.06572769953051644 0.10547667342799188
0 0.19796557120500782 0.486815415821501 0.04225352112676056 0.07302231237322515
0 0.27699530516431925 0.5557809330628803 0.0594679186228482 0.09330628803245436
0 0.07589984350547731 0.3772819472616633 0.03912363067292645 0.060851926977687626
0 0.11971830985915494 0.38742393509127787 0.03286384976525822 0.056795131845841784
0 0.16275430359937404 0.39655172413793105 0.03129890453834116 0.05476673427991886
0 0.22222222222222224 0.4198782961460446 0.03442879499217527 0.060851926977687626
0 0.44053208137715183 0.5578093306288032 0.06416275430359937 0.12170385395537525
0 0.37715179968701096 0.5070993914807302 0.046948356807511735 0.06490872210953347
0 0.8904538341158059 0.5912778904665315 0.06885758998435054 0.10344827586206896
0 0.9514866979655712 0.5141987829614605 0.05320813771517997 0.0872210953346856
0 0.8302034428794992 0.5212981744421906 0.051643192488262914 0.08113590263691683
0 0.7777777777777778 0.5152129817444219 0.046948356807511735 0.07707910750507099
0 0.7222222222222222 0.4969574036511156 0.0297339593114241 0.056795131845841784
0 0.48826291079812206 0.5121703853955375 0.03755868544600939 0.07505070993914807
0 0.33098591549295775 0.5070993914807302 0.03286384976525822 0.08113590263691683
0 0.5226917057902973 0.5010141987829615 0.03442879499217527 0.06896551724137931
