0 0.6926272066458982 0.31515711645101663 0.024922118380062305 0.04990757855822551
0 0.7616822429906542 0.3539741219963031 0.02596053997923157 0.06099815157116451
0 0.798546209761163 0.28835489833641403 0.024922118380062305 0.05545286506469501
0 0.8291796469366562 0.24953789279112754 0.021806853582554516 0.051756007393715345
0 0.9106957424714434 0.3585951940850277 0.016614745586708203 0.05545286506469501
0 0.9299065420560747 0.2532347504621072 0.017653167185877467 0.04805914972273567
0 0.8940809968847352 0.23197781885397412 0.014537902388369679 0.038817005545286505
0 0.7980269989615784 0.20425138632162662 0.01557632398753894 0.031423290203327174
0 0.773104880581516 0.25046210720887246 0.02388369678089304 0.031423290203327174
0 0.731048805815161 0.23567467652495377 0.018691588785046728 0.038817005545286505
0 0.7523364485981309 0.19408502772643252 0.01973001038421599 0.029574861367837338
0 0.7424714434060228 0.15526802218114602 0.012461059190031152 0.029574861367837338
0 0.7144340602284527 0.17744916820702403 0.016614745586708203 0.04066543438077634
0 0.6863966770508826 0.25508317929759705 0.018691588785046728 0.04066543438077634
0 0.6339563862928349 0.24584103512014788 0.01973001038421599 0.033271719038817
0 0.5867082035306335 0.2301293900184843 0.018691588785046728 0.04621072088724584
0 0.6588785046728972 0.17282809611829944 0.01557632398753894 0.031423290203327174
0 0.6391484942886811 0.14972273567467653 0.013499480789200415 0.025878003696857672
0 0.7326064382139148 0.13863216266173753 0.017653167185877467 0.033271719038817
0 0.7892004153686396 0.1645101663585952 0.008307372793354102 0.025878003696857672
0 0.8317757009345794 0.16635859519408502 0.010384215991692626 0.025878003696857672
0 0.8551401869158878 0.20517560073937152 0.013499480789200415 0.025878003696857672
0 0.8691588785046729 0.17929759704251386 0.012461059190031152 0.03696857670979667
0 0.895638629283489 0.18022181146025879 0.01142263759086189 0.024029574861367836
0 0.9096573208722741 0.1654343807763401 0.010384215991692626 0.024029574861367836
0 0.9330218068535825 0.20055452865064693 0.01557632398753894 0.027726432532347505
0 0.9080996884735202 0.14048059149722736 0.013499480789200415 0.025878003696857672
0 0.4392523364485981 0.23937153419593346 0.014537902388369679 0.031423290203327174
0 0.3826583592938733 0.24861367837338263 0.01557632398753894 0.027726432532347505
0 0.3691588785046729 0.22643253234750463 0.013499480789200415 0.031423290203327174
0 0.34735202492211836 0.2144177449168207 0.013499480789200415 0.03696857670979667
0 0.32398753894080995 0.21534195933456562 0.012461059190031152 0.027726432532347505
0 0.2949117341640706 0.22643253234750463 0.012461059190031152 0.027726432532347505
0 0.2720664589823468 0.22828096118299446 0.014537902388369679 0.031423290203327174
0 0.3416407061266874 0.17190388170055454 0.016614745586708203 0.025878003696857672
0 0.4620976116303219 0.19963031423290203 0.012461059190031152 0.022181146025878003
0 0.4356178608515057 0.2024029574861368 0.01557632398753894 0.027726432532347505
0 0.4075804776739356 0.15804066543438078 0.01142263759086189 0.03512014787430684
0 0.3826583592938733 0.2024029574861368 0.01557632398753894 0.027726432532347505
0 0.3759086188992731 0.16635859519408502 0.010384215991692626 0.025878003696857672
0 0.4392523364485981 0.15064695009242143 0.014537902388369679 0.027726432532347505
0 0.4833852544132918 0.14048059149722736 0.01142263759086189 0.025878003696857672
0 0.49117341640706125 0.1756007393715342 0.016614745586708203 0.029574861367837338
0 0.5207684319833853 0.17375231053604437 0.01142263759086189 0.029574861367837338
0 0.5519210799584631 0.17929759704251386 0.01142263759086189 0.029574861367837338
0 0.5368639667705088 0.15526802218114602 0.008307372793354102 0.014787430683918669
0 0.5825545171339563 0.16081330868761554 0.016614745586708203 0.029574861367837338
0 0.5960539979231568 0.15619223659889095 0.014537902388369679 0.027726432532347505
0 0.5685358255451713 0.13493530499075784 0.009345794392523364 0.022181146025878003
0 0.5446521287642783 0.1256931608133087 0.013499480789200415 0.022181146025878003
0 0.5109034267912772 0.14510166358595195 0.018691588785046728 0.024029574861367836
0 0.6448598130841121 0.10720887245841035 0.010384215991692626 0.025878003696857672
0 0.6365524402907581 0.10813308687615526 0.014537902388369679 0.02033271719038817
0 0.7076843198338525 0.10536044362292052 0.01142263759086189 0.022181146025878003
0 0.7819314641744548 0.12199630314232902 0.008307372793354102 0.025878003696857672
0 0.8219106957424714 0.1321626617375231 0.01142263759086189 0.027726432532347505
