1 0.8895299145299145 0.5064814814814815 0.021794871794871794 0.05555555555555556
1 0.8576923076923076 0.500925925925926 0.017948717948717947 0.05185185185185186
1 0.8279914529914529 0.4962962962962963 0.02264957264957265 0.0462962962962963
1 0.7961538461538461 0.48935185185185187 0.022222222222222223 0.049074074074074076
1 0.7638888888888888 0.4986111111111111 0.018376068376068377 0.04351851851851852
1 0.7395299145299146 0.49259259259259264 0.02094017094017094 0.044444444444444446
1 0.7185897435897436 0.4935185185185185 0.018376068376068377 0.044444444444444446
1 0.6886752136752137 0.5041666666666667 0.018376068376068377 0.03796296296296296
1 0.6752136752136753 0.5263888888888889 0.01282051282051282 0.04166666666666667
1 0.6485042735042735 0.4953703703703704 0.019230769230769232 0.044444444444444446
1 0.629059829059829 0.4935185185185185 0.018803418803418803 0.04259259259259259
1 0.6083333333333333 0.5027777777777778 0.018376068376068377 0.03518518518518519
1 0.5903846153846154 0.48240740740740745 0.016666666666666666 0.03888888888888889
1 0.5414529914529914 0.525462962962963 0.01282051282051282 0.036111111111111115
1 0.45085470085470086 0.5171296296296296 0.011965811965811965 0.03425925925925926
0 0.1346153846153846 0.4652777777777778 0.02735042735042735 0.049074074074074076
1 0.18952991452991452 0.45833333333333337 0.016666666666666666 0.06296296296296297
1 0.527991452991453 0.5064814814814815 0.012393162393162393 0.03888888888888889
1 0.4395299145299145 0.5148148148148148 0.011538461538461539 0.037037037037037035
1 0.4655982905982906 0.5120370370370371 0.009829059829059829 0.040740740740740744
