1 0.7670940170940171 0.4199074074074074 0.03675213675213675 0.09537037037037037
1 0.6976495726495726 0.3819444444444445 0.03376068376068376 0.06759259259259259
1 0.6504273504273504 0.36064814814814816 0.02564102564102564 0.049074074074074076
1 0.5316239316239316 0.3425925925925926 0.017948717948717947 0.03518518518518519
1 0.46303418803418805 0.3578703703703704 0.014957264957264958 0.03425925925925926
1 0.39636752136752135 0.3564814814814815 0.02094017094017094 0.0462962962962963
1 0.34145299145299146 0.4361111111111111 0.03504273504273504 0.07962962962962963
1 0.20427350427350427 0.3337962962962963 0.019658119658119658 0.03796296296296296
1 0.1673076923076923 0.33981481481481485 0.023504273504273504 0.044444444444444446
1 0.10405982905982906 0.3509259259259259 0.027777777777777776 0.05555555555555556
