0 0.4883177570093458 0.740049751243781 0.21401869158878506 0.31094527363184077
0 0.05794392523364486 0.6001243781094527 0.11588785046728972 0.277363184079602
0 0.3060747663551402 0.4583333333333333 0.09252336448598131 0.17039800995024876
0 0.05046728971962617 0.2257462686567164 0.05420560747663552 0.09079601990049752
0 0.24392523364485982 0.31343283582089554 0.06542056074766356 0.12189054726368159
0 0.5453271028037383 0.347636815920398 0.07570093457943926 0.10323383084577115
0 0.7897196261682243 0.31094527363184077 0.08785046728971962 0.15671641791044777
0 0.8883177570093458 0.26430348258706465 0.06261682242990654 0.1181592039800995
0 0.6462616822429906 0.27052238805970147 0.06635514018691589 0.11318407960199005
0 0.3588785046728972 0.26119402985074625 0.059813084112149535 0.09701492537313433
0 0.4883177570093458 0.23196517412935322 0.05700934579439253 0.09825870646766169
0 0.6037383177570094 0.17848258706467662 0.04485981308411215 0.07338308457711443
0 0.677570093457944 0.43781094527363185 0.10841121495327104 0.17164179104477612
