0 0.6427902621722846 0.564375 0.0945692883895131 0.13625
0 0.34597378277153557 0.56875 0.08707865168539326 0.1125
0 0.18726591760299627 0.49875 0.07677902621722847 0.1125
0 0.05290262172284644 0.4825 0.07584269662921349 0.0925
0 0.8211610486891386 0.503125 0.07116104868913858 0.10125
0 0.7448501872659176 0.42562500000000003 0.04400749063670412 0.07875
0 0.8960674157303371 0.43 0.04868913857677903 0.1
0 0.6137640449438202 0.36625 0.03277153558052435 0.055
0 0.6891385767790262 0.321875 0.02247191011235955 0.04125
0 0.3951310861423221 0.441875 0.03932584269662921 0.07125000000000001
0 0.28558052434456926 0.42312500000000003 0.04307116104868914 0.07125000000000001
0 0.2504681647940075 0.381875 0.03277153558052435 0.043750000000000004
0 0.1849250936329588 0.3725 0.03651685393258427 0.045
0 0.12312734082397003 0.39 0.05149812734082397 0.06
0 0.02294007490636704 0.38625 0.040262172284644196 0.05
0 0.5866104868913857 0.48125 0.04588014981273408 0.075
0 0.6619850187265918 0.355625 0.0299625468164794 0.04875
0 0.5074906367041199 0.4225 0.04681647940074907 0.035
