1 0.8670940170940171 0.42083333333333334 0.0735042735042735 0.15462962962962964
1 0.7448717948717949 0.4324074074074074 0.0811965811965812 0.16111111111111112
1 0.6698717948717948 0.3041666666666667 0.03632478632478633 0.0787037037037037
1 0.5797008547008548 0.35324074074074074 0.0952991452991453 0.19722222222222224
1 0.527991452991453 0.39351851851851855 0.026923076923076925 0.11111111111111112
1 0.4395299145299145 0.38842592592592595 0.04401709401709402 0.10648148148148148
1 0.2901709401709402 0.5930555555555556 0.1094017094017094 0.2138888888888889
1 0.21196581196581196 0.3527777777777778 0.03076923076923077 0.07777777777777778
1 0.15 0.36435185185185187 0.039316239316239315 0.08796296296296297
1 0.11367521367521367 0.42638888888888893 0.04786324786324786 0.11203703703703705
