0 0.5422477440525021 0.4945155393053016 0.01804757998359311 0.05301645338208409
0 0.5500410172272354 0.3117001828153565 0.01394585726004922 0.03473491773308958
0 0.45734208367514356 0.2906764168190128 0.022149302707136997 0.04021937842778794
0 0.6173092698933552 0.2376599634369287 0.020508613617719443 0.029250457038391225
0 0.691960623461854 0.3546617915904936 0.020508613617719443 0.04753199268738574
0 0.7949138638228056 0.38391224862888484 0.01804757998359311 0.043875685557586835
0 0.12674323215750616 0.6270566727605119 0.02871205906480722 0.03290676416819013
0 0.07629204265791632 0.5036563071297989 0.022969647251845776 0.027422303473491772
0 0.05988515176374078 0.4259597806215722 0.021328958162428222 0.04753199268738574
0 0.21246923707957344 0.36745886654478976 0.014766201804758 0.043875685557586835
0 0.1726825266611977 0.2659963436928702 0.015586546349466776 0.04936014625228519
0 0.1804757998359311 0.19378427787934185 0.013125512715340444 0.03290676416819013
0 0.15709598031173094 0.1590493601462523 0.012305168170631667 0.03656307129798903
0 0.12141099261689911 0.20749542961608775 0.013125512715340444 0.04204753199268738
0 0.24487284659557015 0.3071297989031079 0.022149302707136997 0.04021937842778794
0 0.317473338802297 0.2449725776965265 0.014766201804758 0.03290676416819013
0 0.35520918785890077 0.23217550274223034 0.011484823625922888 0.025594149908592323
0 0.2891714520098442 0.21115173674588666 0.012305168170631667 0.031078610603290677
0 0.2920426579163249 0.17550274223034734 0.016406890894175553 0.03656307129798903
0 0.2530762920426579 0.12797074954296161 0.012305168170631667 0.029250457038391225
0 0.38228055783429044 0.17915904936014626 0.014766201804758 0.03290676416819013
0 0.4232977850697293 0.1736745886654479 0.014766201804758 0.029250457038391225
0 0.511484823625923 0.17093235831809872 0.017227235438884332 0.027422303473491772
0 0.5467596390484004 0.08226691042047532 0.010664479081214111 0.025594149908592323
0 0.6595570139458573 0.16087751371115175 0.013125512715340444 0.03290676416819013
0 0.7186218211648893 0.27879341864716634 0.011484823625922888 0.031078610603290677
0 0.7091878589007383 0.21663619744058502 0.012305168170631667 0.027422303473491772
0 0.7296964725184578 0.22120658135283364 0.007383100902379 0.029250457038391225
0 0.7863002461033635 0.2129798903107861 0.012305168170631667 0.027422303473491772
0 0.5783429040196884 0.2093235831809872 0.01804757998359311 0.031078610603290677
0 0.48031173092698937 0.226691042047532 0.012305168170631667 0.043875685557586835
0 0.47374897456931914 0.14716636197440586 0.012305168170631667 0.031078610603290677
0 0.36054142739950784 0.0850091407678245 0.012305168170631667 0.02010968921389397
0 0.3978671041837572 0.0923217550274223 0.014766201804758 0.02376599634369287
0 0.44052502050861364 0.09414990859232175 0.014766201804758 0.02376599634369287
0 0.48769483182936835 0.07495429616087751 0.009023789991796555 0.021937842778793418
0 0.9392945036915505 0.37842778793418647 0.016406890894175553 0.025594149908592323
0 0.8781788351107466 0.3062157221206581 0.017227235438884332 0.031078610603290677
0 0.8630024610336342 0.27056672760511885 0.01804757998359311 0.025594149908592323
0 0.8269073010664479 0.2449725776965265 0.016406890894175553 0.03656307129798903
