0 0.47958333333333336 0.3562577447335812 0.06416666666666668 0.10780669144981413
0 0.2879166666666667 0.42998760842627015 0.060833333333333336 0.11152416356877323
0 0.37000000000000005 0.23482032218091697 0.045000000000000005 0.07311028500619579
0 0.5383333333333333 0.23048327137546468 0.043333333333333335 0.06939281288723669
0 0.5029166666666667 0.15055762081784388 0.020833333333333336 0.03841387856257745
0 0.41000000000000003 0.16604708798017348 0.03333333333333333 0.05452292441140025
0 0.3104166666666667 0.15489467162329615 0.029166666666666667 0.05204460966542751
0 0.22 0.17843866171003717 0.03166666666666667 0.057001239157372985
0 0.10291666666666667 0.17967781908302355 0.035833333333333335 0.0644361833952912
0 0.12041666666666667 0.2961586121437423 0.0475 0.08426270136307311
0 0.027083333333333334 0.49876084262701365 0.05416666666666667 0.14250309789343246
0 0.7212500000000001 0.35192069392812886 0.050833333333333335 0.09417596034696407
0 0.6629166666666667 0.2218091697645601 0.04083333333333333 0.06939281288723669
0 0.24791666666666667 0.27633209417596033 0.04083333333333333 0.05204460966542751
0 0.8033333333333333 0.3760842627013631 0.115 0.2664188351920694
