0 0.4200779727095516 0.28510998307952623 0.017543859649122806 0.032148900169204735
0 0.45614035087719296 0.22165820642978 0.01949317738791423 0.0338409475465313
0 0.6593567251461988 0.2808798646362098 0.02631578947368421 0.047377326565143825
0 0.678849902534113 0.22419627749576987 0.024366471734892786 0.038917089678511
0 0.7626705653021442 0.24873096446700507 0.02046783625730994 0.047377326565143825
0 0.8011695906432748 0.29357021996615906 0.023391812865497075 0.04230118443316413
0 0.7928849902534113 0.19289340101522842 0.018518518518518517 0.0338409475465313
0 0.8430799220272904 0.21742808798646363 0.01949317738791423 0.025380710659898477
0 0.8601364522417153 0.19035532994923857 0.014619883040935672 0.032148900169204735
0 0.8903508771929824 0.22927241962774958 0.022417153996101363 0.04568527918781726
0 0.9790448343079922 0.16243654822335024 0.016569200779727095 0.047377326565143825
0 0.5891812865497076 0.16243654822335024 0.018518518518518517 0.0338409475465313
0 0.5550682261208577 0.1455160744500846 0.012670565302144249 0.02707275803722504
0 0.526803118908382 0.1455160744500846 0.018518518518518517 0.02707275803722504
0 0.5346003898635477 0.21996615905245345 0.018518518518518517 0.03045685279187817
0 0.4887914230019493 0.2081218274111675 0.008771929824561403 0.03045685279187817
0 0.34064327485380114 0.22673434856175972 0.010721247563352826 0.01692047377326565
