0 0.8141850490196079 0.6254084967320261 0.08486519607843138 0.11683006535947713
0 0.4456188725490196 0.5902777777777778 0.07322303921568628 0.09803921568627451
0 0.2743566176470588 0.5051062091503268 0.0977328431372549 0.09272875816993464
0 0.2152267156862745 0.34824346405228757 0.05545343137254902 0.06413398692810458
0 0.3360906862745098 0.36233660130718953 0.04595588235294117 0.057189542483660136
0 0.4099264705882353 0.33558006535947715 0.032475490196078434 0.046977124183006536
0 0.8400735294117647 0.35437091503267976 0.0428921568627451 0.08129084967320262
0 0.6807598039215687 0.3345588235294118 0.02696078431372549 0.03758169934640523
0 0.07215073529411764 0.37990196078431376 0.03707107843137255 0.05473856209150327
0 0.1292892156862745 0.3368055555555556 0.027573529411764705 0.042075163398692814
0 0.026348039215686275 0.32373366013071897 0.030637254901960783 0.04125816993464052
0 0.6142769607843137 0.37888071895424835 0.02389705882352941 0.03227124183006536
0 0.4566482843137255 0.35804738562091504 0.019301470588235295 0.0363562091503268
0 0.75 0.3984885620915033 0.026348039215686275 0.04779411764705883
0 0.6351102941176471 0.3823529411764706 0.015931372549019607 0.03758169934640523
