1 0.4826923076923077 0.4300925925925926 0.031196581196581197 0.06944444444444445
1 0.5955128205128205 0.45925925925925926 0.03547008547008547 0.08518518518518518
1 0.719017094017094 0.5101851851851852 0.03290598290598291 0.08518518518518518
1 0.422008547008547 0.538425925925926 0.051709401709401706 0.13055555555555556
1 0.40384615384615385 0.42129629629629634 0.03418803418803419 0.06666666666666667
1 0.367948717948718 0.3925925925925926 0.017948717948717947 0.044444444444444446
1 0.3467948717948718 0.39722222222222225 0.014957264957264958 0.03333333333333333
1 0.32585470085470086 0.4115740740740741 0.02606837606837607 0.06018518518518519
1 0.2705128205128205 0.38333333333333336 0.020512820512820513 0.04259259259259259
1 0.23803418803418802 0.39490740740740743 0.021367521367521368 0.03425925925925926
1 0.1987179487179487 0.4013888888888889 0.021367521367521368 0.03981481481481482
1 0.15854700854700854 0.4041666666666667 0.017948717948717947 0.04166666666666667
1 0.13525641025641025 0.46990740740740744 0.03717948717948718 0.08425925925925926
1 0.2358974358974359 0.4564814814814815 0.040170940170940174 0.09444444444444444
1 0.2920940170940171 0.48194444444444445 0.04658119658119658 0.1212962962962963
1 0.8301282051282052 0.5884259259259259 0.06282051282051282 0.15462962962962964
1 0.11217948717948718 0.4027777777777778 0.014102564102564103 0.044444444444444446
