1 0.38824786324786326 0.22731481481481483 0.06282051282051282 0.1564814814814815
1 0.20982905982905983 0.3087962962962963 0.0547008547008547 0.1287037037037037
1 0.5455128205128205 0.2740740740740741 0.05 0.13518518518518519
1 0.676923076923077 0.2837962962962963 0.03675213675213675 0.11574074074074074
1 0.7181623931623932 0.250462962962963 0.026923076923076925 0.06944444444444445
1 0.6004273504273504 0.24444444444444446 0.03333333333333333 0.06666666666666667
1 0.49252136752136755 0.2439814814814815 0.02863247863247863 0.08240740740740742
1 0.46132478632478635 0.26666666666666666 0.021794871794871794 0.04814814814814815
1 0.4376068376068376 0.2662037037037037 0.018803418803418803 0.04351851851851852
1 0.3228632478632479 0.27870370370370373 0.025213675213675214 0.053703703703703705
