1 0.552991452991453 0.3513888888888889 0.046153846153846156 0.10648148148148148
1 0.48205128205128206 0.3597222222222222 0.03418803418803419 0.08796296296296297
1 0.4356837606837607 0.337037037037037 0.026923076923076925 0.08703703703703704
1 0.5294871794871795 0.37824074074074077 0.022222222222222223 0.06759259259259259
1 0.7408119658119658 0.35000000000000003 0.027777777777777776 0.07592592592592592
1 0.7767094017094017 0.3282407407407408 0.02863247863247863 0.08981481481481482
1 0.7946581196581196 0.3842592592592593 0.03461538461538462 0.09074074074074075
1 0.8207264957264957 0.33194444444444443 0.02863247863247863 0.08796296296296297
1 0.8916666666666667 0.37777777777777777 0.04829059829059829 0.15925925925925927
1 0.8662393162393163 0.40046296296296297 0.03333333333333333 0.13055555555555556
1 0.3502136752136752 0.3560185185185185 0.026923076923076925 0.075
1 0.31474358974358974 0.3416666666666667 0.029487179487179487 0.08333333333333334
1 0.2185897435897436 0.3523148148148148 0.04658119658119658 0.11388888888888889
1 0.15384615384615385 0.3703703703703704 0.04786324786324786 0.1277777777777778
