1 0.5882478632478633 0.3592592592592593 0.045726495726495724 0.12592592592592594
1 0.7775641025641026 0.3689814814814815 0.06111111111111111 0.16203703703703703
1 0.472008547008547 0.36944444444444446 0.0405982905982906 0.11481481481481481
1 0.3655982905982906 0.3648148148148148 0.04145299145299145 0.11851851851851852
1 0.2980769230769231 0.32962962962962966 0.03888888888888889 0.11296296296296297
1 0.23717948717948717 0.32222222222222224 0.039316239316239315 0.1
1 0.17051282051282052 0.31574074074074077 0.03333333333333333 0.0925925925925926
1 0.44508547008547006 0.3125 0.020085470085470087 0.06018518518518519
1 0.49209401709401707 0.30185185185185187 0.02606837606837607 0.07962962962962963
1 0.6628205128205128 0.32962962962962966 0.03247863247863248 0.07962962962962963
