1 0.2668803418803419 0.5217592592592593 0.06538461538461539 0.14351851851851852
1 0.14423076923076922 0.674074074074074 0.06538461538461539 0.1425925925925926
1 0.42735042735042733 0.576388888888889 0.04786324786324786 0.13796296296296298
1 0.47136752136752136 0.5597222222222222 0.046153846153846156 0.1212962962962963
1 0.5472222222222223 0.5361111111111111 0.04658119658119658 0.13518518518518519
1 0.5835470085470086 0.5504629629629629 0.03376068376068376 0.11574074074074074
1 0.6715811965811965 0.563425925925926 0.05 0.12314814814814816
1 0.711965811965812 0.5541666666666667 0.041025641025641026 0.09907407407407408
1 0.8476495726495726 0.5277777777777778 0.04829059829059829 0.1388888888888889
1 0.8914529914529915 0.5518518518518519 0.03675213675213675 0.0962962962962963
