1 0.3643162393162393 0.4152777777777778 0.03461538461538462 0.0787037037037037
1 0.30705128205128207 0.42962962962962964 0.031196581196581197 0.07222222222222223
1 0.25427350427350426 0.4226851851851852 0.02735042735042735 0.05462962962962963
1 0.4527777777777778 0.4361111111111111 0.04316239316239316 0.10555555555555556
1 0.5153846153846153 0.437962962962963 0.02735042735042735 0.06666666666666667
1 0.610897435897436 0.4476851851851852 0.05 0.11944444444444445
1 0.6713675213675213 0.4388888888888889 0.035897435897435895 0.09074074074074075
1 0.7865384615384615 0.4814814814814815 0.05 0.1388888888888889
1 0.8412393162393162 0.4314814814814815 0.03547008547008547 0.1
1 0.6252136752136752 0.3625 0.011965811965811965 0.026851851851851852
