1 0.3032051282051282 0.32083333333333336 0.023504273504273504 0.0638888888888889
1 0.35555555555555557 0.3314814814814815 0.02564102564102564 0.05740740740740741
1 0.3762820512820513 0.31851851851851853 0.02264957264957265 0.061111111111111116
1 0.4188034188034188 0.31157407407407406 0.02735042735042735 0.09166666666666667
1 0.46303418803418805 0.3180555555555556 0.02435897435897436 0.0638888888888889
1 0.49188034188034185 0.32546296296296295 0.035897435897435895 0.0787037037037037
1 0.5371794871794872 0.33564814814814814 0.021367521367521368 0.05462962962962963
1 0.5722222222222222 0.34074074074074073 0.02905982905982906 0.06296296296296297
1 0.5931623931623932 0.3041666666666667 0.042735042735042736 0.08981481481481482
1 0.6771367521367522 0.3180555555555556 0.0405982905982906 0.10092592592592593
1 0.7185897435897436 0.31527777777777777 0.023504273504273504 0.11574074074074074
1 0.7561965811965812 0.33425925925925926 0.05854700854700855 0.11851851851851852
1 0.14743589743589744 0.28425925925925927 0.02735042735042735 0.053703703703703705
