1 0.17051282051282052 0.5814814814814815 0.026495726495726495 0.06296296296296297
1 0.20961538461538462 0.5810185185185185 0.023504273504273504 0.05648148148148149
1 0.23141025641025642 0.5680555555555555 0.02264957264957265 0.06759259259259259
1 0.2717948717948718 0.5851851851851853 0.02735042735042735 0.05925925925925926
1 0.30811965811965814 0.5745370370370371 0.028205128205128206 0.0638888888888889
1 0.34487179487179487 0.5708333333333333 0.026495726495726495 0.07314814814814816
1 0.37393162393162394 0.5694444444444444 0.021367521367521368 0.07222222222222223
1 0.4096153846153846 0.5675925925925926 0.03034188034188034 0.06481481481481481
1 0.4423076923076923 0.5888888888888889 0.02905982905982906 0.061111111111111116
1 0.4775641025641026 0.5518518518518519 0.02606837606837607 0.06296296296296297
1 0.5085470085470085 0.5865740740740741 0.026495726495726495 0.06759259259259259
1 0.5405982905982906 0.5888888888888889 0.028205128205128206 0.061111111111111116
1 0.5692307692307692 0.6055555555555556 0.02393162393162393 0.06851851851851852
1 0.6012820512820513 0.5662037037037038 0.02905982905982906 0.07685185185185185
1 0.6267094017094017 0.5930555555555556 0.025213675213675214 0.075
1 0.6797008547008547 0.5569444444444445 0.03034188034188034 0.06574074074074074
1 0.7555555555555555 0.5935185185185186 0.028205128205128206 0.06851851851851852
1 0.777991452991453 0.5944444444444444 0.023504273504273504 0.06666666666666667
1 0.811965811965812 0.5995370370370371 0.03162393162393162 0.06759259259259259
1 0.8534188034188034 0.5930555555555556 0.02735042735042735 0.075
1 0.8899572649572649 0.5828703703703704 0.031196581196581197 0.06944444444444445
