1 0.13376068376068376 0.46435185185185185 0.02393162393162393 0.049074074074074076
1 0.19764957264957264 0.44907407407407407 0.02094017094017094 0.04259259259259259
1 0.2299145299145299 0.42824074074074076 0.01452991452991453 0.032407407407407406
1 0.3002136752136752 0.4185185185185185 0.013247863247863248 0.02777777777777778
1 0.3145299145299145 0.4115740740740741 0.011111111111111112 0.021296296296296296
1 0.2168803418803419 0.5365740740740741 0.05 0.11018518518518519
1 0.2764957264957265 0.4990740740740741 0.03247863247863248 0.07222222222222223
1 0.3243589743589744 0.46944444444444444 0.02735042735042735 0.06851851851851852
1 0.352991452991453 0.47222222222222227 0.021367521367521368 0.0462962962962963
1 0.3702991452991453 0.45 0.013247863247863248 0.040740740740740744
1 0.4948717948717949 0.4138888888888889 0.008547008547008548 0.020370370370370372
1 0.7510683760683761 0.4962962962962963 0.03290598290598291 0.07222222222222223
1 0.7963675213675213 0.43333333333333335 0.01752136752136752 0.03888888888888889
1 0.8482905982905983 0.44351851851851853 0.021367521367521368 0.044444444444444446
1 0.9012820512820513 0.4532407407407408 0.021367521367521368 0.05092592592592593
1 0.8358974358974359 0.5518518518518519 0.04188034188034188 0.11666666666666667
1 0.5952991452991453 0.4277777777777778 0.011965811965811965 0.03888888888888889
1 0.6061965811965812 0.42962962962962964 0.014102564102564103 0.04259259259259259
1 0.622008547008547 0.4314814814814815 0.01581196581196581 0.0462962962962963
1 0.6405982905982905 0.4375 0.01623931623931624 0.04166666666666667
1 0.661965811965812 0.45092592592592595 0.02393162393162393 0.053703703703703705
1 0.6927350427350427 0.4675925925925926 0.02905982905982906 0.06666666666666667
1 0.7141025641025641 0.4138888888888889 0.011965811965811965 0.02592592592592593
1 0.6985042735042735 0.4087962962962963 0.009829059829059829 0.026851851851851852
1 0.6788461538461539 0.40601851851851856 0.010683760683760684 0.025
1 0.3871794871794872 0.4342592592592593 0.020512820512820513 0.0462962962962963
1 0.3299145299145299 0.4134259259259259 0.01282051282051282 0.028703703703703703
