1 0.1658119658119658 0.19212962962962965 0.040170940170940174 0.08981481481481482
1 0.21773504273504274 0.20925925925925926 0.021794871794871794 0.07407407407407407
1 0.33589743589743587 0.16898148148148148 0.04188034188034188 0.1212962962962963
1 0.4173076923076923 0.21712962962962964 0.06452991452991454 0.17685185185185187
1 0.37585470085470085 0.23194444444444445 0.02863247863247863 0.09722222222222222
1 0.4861111111111111 0.19722222222222224 0.016666666666666666 0.04814814814814815
1 0.5493589743589744 0.2087962962962963 0.03205128205128205 0.0712962962962963
1 0.5959401709401709 0.19351851851851853 0.04401709401709402 0.12592592592592594
1 0.7098290598290599 0.23657407407407408 0.05128205128205128 0.13796296296296298
1 0.8038461538461539 0.2657407407407408 0.08632478632478632 0.22777777777777777
1 0.661965811965812 0.2162037037037037 0.021367521367521368 0.04166666666666667
