1 0.13034188034188035 0.46064814814814814 0.03076923076923077 0.07685185185185185
1 0.19764957264957264 0.4527777777777778 0.023504273504273504 0.05740740740740741
1 0.23076923076923078 0.4287037037037037 0.01623931623931624 0.03888888888888889
1 0.29935897435897435 0.4166666666666667 0.013247863247863248 0.03518518518518519
1 0.31517094017094016 0.4101851851851852 0.011538461538461539 0.02962962962962963
1 0.21794871794871795 0.5351851851851852 0.04700854700854701 0.12222222222222223
1 0.27713675213675215 0.4990740740740741 0.03376068376068376 0.07592592592592592
1 0.3247863247863248 0.46620370370370373 0.02735042735042735 0.06759259259259259
1 0.3532051282051282 0.4712962962962963 0.021794871794871794 0.05185185185185186
1 0.37094017094017095 0.44722222222222224 0.01452991452991453 0.0462962962962963
1 0.49551282051282053 0.4138888888888889 0.011538461538461539 0.02592592592592593
1 0.8480769230769231 0.4430555555555556 0.02094017094017094 0.05648148148148149
1 0.9021367521367522 0.4550925925925926 0.022222222222222223 0.06574074074074074
1 0.7963675213675213 0.42962962962962964 0.020085470085470087 0.04259259259259259
1 0.7132478632478633 0.4134259259259259 0.01282051282051282 0.028703703703703703
1 0.6989316239316239 0.4087962962962963 0.014102564102564103 0.030555555555555558
1 0.6803418803418804 0.4050925925925926 0.015384615384615385 0.028703703703703703
1 0.7514957264957265 0.49259259259259264 0.03632478632478633 0.07962962962962963
1 0.694017094017094 0.46481481481481485 0.029914529914529916 0.07592592592592592
1 0.663034188034188 0.4467592592592593 0.02606837606837607 0.049074074074074076
1 0.6427350427350428 0.4351851851851852 0.018803418803418803 0.05185185185185186
1 0.6235042735042735 0.4300925925925926 0.019658119658119658 0.04722222222222222
1 0.607051282051282 0.42962962962962964 0.014102564102564103 0.03518518518518519
1 0.5959401709401709 0.42638888888888893 0.010683760683760684 0.036111111111111115
1 0.8331196581196582 0.5504629629629629 0.03376068376068376 0.11018518518518519
