1 0.48504273504273504 0.21851851851851853 0.05982905982905983 0.1537037037037037
1 0.6540598290598291 0.2199074074074074 0.07222222222222222 0.14907407407407408
1 0.7534188034188034 0.2777777777777778 0.08205128205128205 0.19444444444444445
1 0.8732905982905983 0.2013888888888889 0.03290598290598291 0.075
1 0.4222222222222222 0.21481481481481482 0.03076923076923077 0.08333333333333334
1 0.36666666666666664 0.225 0.04871794871794872 0.13518518518518519
1 0.10918803418803419 0.23148148148148148 0.03461538461538462 0.09814814814814815
1 0.19017094017094016 0.2777777777777778 0.09829059829059829 0.23703703703703705
1 0.2514957264957265 0.24953703703703706 0.050854700854700854 0.16574074074074074
1 0.3217948717948718 0.22916666666666669 0.02735042735042735 0.07314814814814816
