1 0.28974358974358977 0.39722222222222225 0.03418803418803419 0.08518518518518518
1 0.10662393162393162 0.4050925925925926 0.04145299145299145 0.10462962962962963
1 0.21495726495726497 0.41064814814814815 0.062393162393162394 0.14722222222222223
1 0.36752136752136755 0.43703703703703706 0.04786324786324786 0.1277777777777778
1 0.4222222222222222 0.3523148148148148 0.028205128205128206 0.0712962962962963
1 0.4653846153846154 0.41944444444444445 0.046153846153846156 0.12407407407407407
1 0.5427350427350427 0.4013888888888889 0.04188034188034188 0.11203703703703705
1 0.5952991452991453 0.3944444444444445 0.03504273504273504 0.08518518518518518
1 0.7051282051282052 0.3731481481481482 0.039316239316239315 0.09814814814814815
1 0.839957264957265 0.36944444444444446 0.03974358974358974 0.08518518518518518
