1 0.5465811965811965 0.2300925925925926 0.042735042735042736 0.1527777777777778
1 0.6920940170940171 0.19212962962962965 0.049145299145299144 0.14166666666666666
1 0.3626068376068376 0.27592592592592596 0.054273504273504275 0.15185185185185185
1 0.16025641025641027 0.1925925925925926 0.04871794871794872 0.11851851851851852
1 0.09807692307692308 0.1 0.019230769230769232 0.0925925925925926
1 0.20405982905982906 0.6199074074074075 0.03888888888888889 0.14351851851851852
1 0.3572649572649573 0.662962962962963 0.044444444444444446 0.1388888888888889
1 0.49743589743589745 0.6685185185185185 0.05299145299145299 0.14814814814814814
1 0.5807692307692308 0.6509259259259259 0.05128205128205128 0.14444444444444446
1 0.632051282051282 0.5694444444444444 0.035897435897435895 0.09444444444444444
1 0.714957264957265 0.6611111111111111 0.05213675213675214 0.17037037037037037
1 0.7478632478632479 0.5592592592592592 0.03162393162393162 0.08518518518518518
1 0.8732905982905983 0.7087962962962964 0.047435897435897434 0.14537037037037037
1 0.8354700854700855 0.16296296296296298 0.05811965811965812 0.12592592592592594
