1 0.5397435897435897 0.49722222222222223 0.03418803418803419 0.08518518518518518
1 0.4502136752136752 0.46296296296296297 0.04145299145299145 0.0962962962962963
1 0.38482905982905985 0.42824074074074076 0.029487179487179487 0.07314814814814816
1 0.3561965811965812 0.4375 0.02606837606837607 0.06574074074074074
1 0.3192307692307692 0.45046296296296295 0.041025641025641026 0.09166666666666667
1 0.23952991452991454 0.45740740740740743 0.03803418803418803 0.08703703703703704
1 0.17692307692307693 0.46481481481481485 0.03162393162393162 0.07407407407407407
1 0.22094017094017093 0.42685185185185187 0.022222222222222223 0.06296296296296297
1 0.19337606837606838 0.3092592592592593 0.026923076923076925 0.06666666666666667
1 0.28525641025641024 0.2967592592592593 0.020085470085470087 0.05462962962962963
1 0.3579059829059829 0.3125 0.023504273504273504 0.058333333333333334
1 0.42094017094017094 0.31157407407407406 0.024786324786324785 0.04537037037037037
1 0.4427350427350427 0.39351851851851855 0.023076923076923078 0.05555555555555556
1 0.4912393162393162 0.42314814814814816 0.02264957264957265 0.053703703703703705
1 0.5418803418803418 0.40046296296296297 0.01623931623931624 0.05462962962962963
1 0.5267094017094017 0.3912037037037037 0.019230769230769232 0.0712962962962963
1 0.5688034188034188 0.42824074074074076 0.03247863247863248 0.08425925925925926
1 0.6299145299145299 0.4064814814814815 0.026495726495726495 0.06851851851851852
1 0.6523504273504274 0.43333333333333335 0.031196581196581197 0.07037037037037037
1 0.6707264957264957 0.40324074074074073 0.018376068376068377 0.062037037037037036
1 0.688034188034188 0.42962962962962964 0.028205128205128206 0.07222222222222223
1 0.7264957264957265 0.3944444444444445 0.022222222222222223 0.061111111111111116
1 0.7856837606837607 0.40694444444444444 0.03034188034188034 0.062037037037037036
1 0.7134615384615385 0.48379629629629634 0.04230769230769231 0.08240740740740742
1 0.6707264957264957 0.5055555555555555 0.03888888888888889 0.10555555555555556
1 0.791025641025641 0.5263888888888889 0.04957264957264957 0.11574074074074074
1 0.8647435897435898 0.4810185185185185 0.03290598290598291 0.09351851851851853
0 0.8933760683760684 0.5430555555555556 0.031196581196581197 0.1287037037037037
1 0.5012820512820513 0.3092592592592593 0.022222222222222223 0.053703703703703705
1 0.5882478632478633 0.3175925925925926 0.016666666666666666 0.03888888888888889
1 0.6012820512820513 0.31851851851851853 0.011965811965811965 0.031481481481481485
1 0.6288461538461538 0.513425925925926 0.04145299145299145 0.13055555555555556
1 0.2967948717948718 0.4361111111111111 0.014957264957264958 0.06851851851851852
