1 0.2688034188034188 0.3666666666666667 0.017094017094017096 0.03333333333333333
1 0.30833333333333335 0.44907407407407407 0.03803418803418803 0.09444444444444444
1 0.37393162393162394 0.4967592592592593 0.05555555555555555 0.12314814814814816
1 0.7816239316239316 0.46481481481481485 0.035897435897435895 0.0925925925925926
1 0.7606837606837606 0.43472222222222223 0.03076923076923077 0.0712962962962963
1 0.8446581196581197 0.38796296296296295 0.021794871794871794 0.05185185185185186
1 0.686965811965812 0.40601851851851856 0.02606837606837607 0.05648148148148149
1 0.6160256410256411 0.39351851851851855 0.03205128205128205 0.05740740740740741
1 0.5604700854700855 0.3800925925925926 0.02264957264957265 0.05092592592592593
1 0.532051282051282 0.3763888888888889 0.017948717948717947 0.04351851851851852
1 0.4775641025641026 0.3685185185185185 0.02606837606837607 0.0462962962962963
1 0.4403846153846154 0.36712962962962964 0.01581196581196581 0.036111111111111115
1 0.414957264957265 0.3662037037037037 0.01452991452991453 0.03796296296296296
1 0.661965811965812 0.36712962962962964 0.017094017094017096 0.036111111111111115
1 0.708974358974359 0.3805555555555556 0.017948717948717947 0.040740740740740744
1 0.5782051282051281 0.3625 0.013675213675213675 0.036111111111111115
